# z[kpc], N1, N2, N1_norm, N2_norm, alpha_power
 4.000000e-02  5.128614e-05  9.278975e-06  1.000000e+00  1.000000e+00  8.750000e-01
 8.000000e-02  5.109585e-05  9.214595e-06  9.962897e-01  9.930618e-01  8.775662e-01
 1.200000e-01  5.091747e-05  9.154190e-06  9.928116e-01  9.865519e-01  8.800000e-01
 1.600000e-01  5.075007e-05  9.097459e-06  9.895476e-01  9.804379e-01  8.823089e-01
 2.000000e-01  5.059283e-05  9.044125e-06  9.864815e-01  9.746901e-01  8.845004e-01
 2.400000e-01  5.044495e-05  8.993933e-06  9.835982e-01  9.692809e-01  8.865814e-01
 2.800000e-01  5.030575e-05  8.946649e-06  9.808839e-01  9.641850e-01  8.885586e-01
 3.200000e-01  5.017456e-05  8.902057e-06  9.783259e-01  9.593793e-01  8.904383e-01
 3.600000e-01  5.005078e-05  8.859959e-06  9.759125e-01  9.548424e-01  8.922264e-01
 4.000000e-01  4.993388e-05  8.820173e-06  9.736331e-01  9.505546e-01  8.939286e-01
 4.400000e-01  4.982334e-05  8.782529e-06  9.714777e-01  9.464978e-01  8.955502e-01
 4.800000e-01  4.971870e-05  8.746874e-06  9.694373e-01  9.426552e-01  8.970961e-01
 5.200000e-01  4.961953e-05  8.713064e-06  9.675036e-01  9.390114e-01  8.985711e-01
 5.600000e-01  4.952543e-05  8.680967e-06  9.656689e-01  9.355524e-01  8.999796e-01
 6.000000e-01  4.943605e-05  8.650464e-06  9.639261e-01  9.322650e-01  9.013258e-01
 6.400000e-01  4.935105e-05  8.621440e-06  9.622687e-01  9.291372e-01  9.026134e-01
 6.800000e-01  4.927012e-05  8.593795e-06  9.606908e-01  9.261578e-01  9.038462e-01
 7.200000e-01  4.919298e-05  8.567431e-06  9.591866e-01  9.233165e-01  9.050275e-01
 7.600000e-01  4.911936e-05  8.542262e-06  9.577513e-01  9.206040e-01  9.061605e-01
 8.000000e-01  4.904903e-05  8.518205e-06  9.563799e-01  9.180115e-01  9.072483e-01
 8.400000e-01  4.898176e-05  8.495187e-06  9.550683e-01  9.155308e-01  9.082936e-01
 8.800000e-01  4.891735e-05  8.473137e-06  9.538123e-01  9.131544e-01  9.092990e-01
 9.200000e-01  4.885560e-05  8.451991e-06  9.526084e-01  9.108756e-01  9.102670e-01
 9.600000e-01  4.879635e-05  8.431691e-06  9.514529e-01  9.086877e-01  9.111997e-01
 1.000000e+00  4.873941e-05  8.412180e-06  9.503428e-01  9.065851e-01  9.120995e-01
 1.040000e+00  4.868466e-05  8.393409e-06  9.492751e-01  9.045621e-01  9.129682e-01
 1.080000e+00  4.863194e-05  8.375329e-06  9.482472e-01  9.026136e-01  9.138077e-01
 1.120000e+00  4.858112e-05  8.357898e-06  9.472564e-01  9.007351e-01  9.146197e-01
 1.160000e+00  4.853209e-05  8.341075e-06  9.463004e-01  8.989220e-01  9.154059e-01
 1.200000e+00  4.848474e-05  8.324821e-06  9.453771e-01  8.971703e-01  9.161677e-01
 1.240000e+00  4.843896e-05  8.309103e-06  9.444845e-01  8.954764e-01  9.169066e-01
 1.280000e+00  4.839466e-05  8.293887e-06  9.436207e-01  8.938366e-01  9.176240e-01
 1.320000e+00  4.835175e-05  8.279144e-06  9.427839e-01  8.922477e-01  9.183210e-01
 1.360000e+00  4.831014e-05  8.264846e-06  9.419726e-01  8.907068e-01  9.189987e-01
 1.400000e+00  4.826976e-05  8.250966e-06  9.411852e-01  8.892109e-01  9.196584e-01
 1.440000e+00  4.823053e-05  8.237480e-06  9.404204e-01  8.877575e-01  9.203009e-01
 1.480000e+00  4.819240e-05  8.224366e-06  9.396769e-01  8.863442e-01  9.209273e-01
 1.520000e+00  4.815530e-05  8.211602e-06  9.389534e-01  8.849687e-01  9.215384e-01
 1.560000e+00  4.811916e-05  8.199169e-06  9.382489e-01  8.836288e-01  9.221350e-01
 1.600000e+00  4.808395e-05  8.187049e-06  9.375622e-01  8.823226e-01  9.227180e-01
 1.640000e+00  4.804960e-05  8.175225e-06  9.368924e-01  8.810483e-01  9.232880e-01
 1.680000e+00  4.801607e-05  8.163680e-06  9.362387e-01  8.798041e-01  9.238457e-01
 1.720000e+00  4.798331e-05  8.152400e-06  9.356000e-01  8.785884e-01  9.243919e-01
 1.760000e+00  4.795129e-05  8.141370e-06  9.349757e-01  8.773997e-01  9.249270e-01
 1.800000e+00  4.791997e-05  8.130578e-06  9.343650e-01  8.762367e-01  9.254516e-01
 1.840000e+00  4.788931e-05  8.120012e-06  9.337671e-01  8.750980e-01  9.259663e-01
 1.880000e+00  4.785928e-05  8.109660e-06  9.331815e-01  8.739823e-01  9.264715e-01
 1.920000e+00  4.782984e-05  8.099511e-06  9.326076e-01  8.728886e-01  9.269678e-01
 1.960000e+00  4.780097e-05  8.089556e-06  9.320447e-01  8.718157e-01  9.274555e-01
 2.000000e+00  4.777264e-05  8.079785e-06  9.314923e-01  8.707626e-01  9.279351e-01
 2.040000e+00  4.774482e-05  8.070189e-06  9.309499e-01  8.697285e-01  9.284069e-01
 2.080000e+00  4.771750e-05  8.060759e-06  9.304170e-01  8.687123e-01  9.288714e-01
 2.120000e+00  4.769063e-05  8.051490e-06  9.298933e-01  8.677133e-01  9.293288e-01
 2.160000e+00  4.766422e-05  8.042371e-06  9.293782e-01  8.667306e-01  9.297795e-01
 2.200000e+00  4.763823e-05  8.033398e-06  9.288714e-01  8.657636e-01  9.302238e-01
 2.240000e+00  4.761264e-05  8.024564e-06  9.283725e-01  8.648114e-01  9.306620e-01
 2.280000e+00  4.758744e-05  8.015861e-06  9.278812e-01  8.638736e-01  9.310943e-01
 2.320000e+00  4.756262e-05  8.007286e-06  9.273971e-01  8.629494e-01  9.315210e-01
 2.360000e+00  4.753815e-05  7.998832e-06  9.269200e-01  8.620383e-01  9.319424e-01
 2.400000e+00  4.751402e-05  7.990494e-06  9.264495e-01  8.611397e-01  9.323586e-01
 2.440000e+00  4.749021e-05  7.982267e-06  9.259853e-01  8.602531e-01  9.327699e-01
 2.480000e+00  4.746672e-05  7.974148e-06  9.255273e-01  8.593781e-01  9.331765e-01
 2.520000e+00  4.744353e-05  7.966131e-06  9.250752e-01  8.585141e-01  9.335786e-01
 2.560000e+00  4.742063e-05  7.958212e-06  9.246286e-01  8.576607e-01  9.339763e-01
 2.600000e+00  4.739801e-05  7.950388e-06  9.241875e-01  8.568175e-01  9.343698e-01
 2.640000e+00  4.737565e-05  7.942656e-06  9.237516e-01  8.559842e-01  9.347593e-01
 2.680000e+00  4.735356e-05  7.935011e-06  9.233208e-01  8.551603e-01  9.351450e-01
 2.720000e+00  4.733171e-05  7.927451e-06  9.228947e-01  8.543455e-01  9.355270e-01
 2.760000e+00  4.731009e-05  7.919972e-06  9.224733e-01  8.535395e-01  9.359054e-01
 2.800000e+00  4.728871e-05  7.912571e-06  9.220564e-01  8.527419e-01  9.362803e-01
 2.840000e+00  4.726755e-05  7.905246e-06  9.216438e-01  8.519525e-01  9.366519e-01
 2.880000e+00  4.724661e-05  7.897995e-06  9.212354e-01  8.511710e-01  9.370204e-01
 2.920000e+00  4.722587e-05  7.890813e-06  9.208311e-01  8.503971e-01  9.373857e-01
 2.960000e+00  4.720533e-05  7.883701e-06  9.204306e-01  8.496306e-01  9.377480e-01
 3.000000e+00  4.718499e-05  7.876654e-06  9.200340e-01  8.488711e-01  9.381075e-01
 3.040000e+00  4.716483e-05  7.869671e-06  9.196409e-01  8.481186e-01  9.384642e-01
 3.080000e+00  4.714486e-05  7.862750e-06  9.192515e-01  8.473727e-01  9.388182e-01
 3.120000e+00  4.712506e-05  7.855889e-06  9.188654e-01  8.466333e-01  9.391696e-01
 3.160000e+00  4.710543e-05  7.849086e-06  9.184827e-01  8.459001e-01  9.395185e-01
 3.200000e+00  4.708597e-05  7.842339e-06  9.181032e-01  8.451730e-01  9.398649e-01
 3.240000e+00  4.706667e-05  7.835647e-06  9.177268e-01  8.444518e-01  9.402090e-01
 3.280000e+00  4.704752e-05  7.829008e-06  9.173535e-01  8.437363e-01  9.405508e-01
 3.320000e+00  4.702852e-05  7.822420e-06  9.169831e-01  8.430264e-01  9.408903e-01
 3.360000e+00  4.700968e-05  7.815883e-06  9.166156e-01  8.423218e-01  9.412277e-01
 3.400000e+00  4.699097e-05  7.809394e-06  9.162509e-01  8.416225e-01  9.415630e-01
 3.440000e+00  4.697240e-05  7.802953e-06  9.158889e-01  8.409283e-01  9.418963e-01
 3.480000e+00  4.695397e-05  7.796558e-06  9.155295e-01  8.402391e-01  9.422276e-01
 3.520000e+00  4.693568e-05  7.790207e-06  9.151727e-01  8.395547e-01  9.425569e-01
 3.560000e+00  4.691751e-05  7.783900e-06  9.148184e-01  8.388750e-01  9.428844e-01
 3.600000e+00  4.689946e-05  7.777636e-06  9.144666e-01  8.381999e-01  9.432101e-01
 3.640000e+00  4.688154e-05  7.771413e-06  9.141171e-01  8.375293e-01  9.435340e-01
 3.680000e+00  4.686373e-05  7.765231e-06  9.137700e-01  8.368630e-01  9.438562e-01
 3.720000e+00  4.684605e-05  7.759088e-06  9.134251e-01  8.362010e-01  9.441767e-01
 3.760000e+00  4.682847e-05  7.752984e-06  9.130824e-01  8.355432e-01  9.444956e-01
 3.800000e+00  4.681101e-05  7.746917e-06  9.127419e-01  8.348893e-01  9.448128e-01
 3.840000e+00  4.679365e-05  7.740887e-06  9.124035e-01  8.342395e-01  9.451285e-01
 3.880000e+00  4.677640e-05  7.734893e-06  9.120671e-01  8.335935e-01  9.454427e-01
 3.920000e+00  4.675925e-05  7.728934e-06  9.117328e-01  8.329513e-01  9.457555e-01
 3.960000e+00  4.674221e-05  7.723009e-06  9.114004e-01  8.323128e-01  9.460667e-01
 4.000000e+00  4.672526e-05  7.717118e-06  9.110700e-01  8.316779e-01  9.463766e-01
 4.040000e+00  4.670841e-05  7.711260e-06  9.107414e-01  8.310465e-01  9.466851e-01
 4.080000e+00  4.669165e-05  7.705434e-06  9.104147e-01  8.304186e-01  9.469922e-01
 4.120000e+00  4.667499e-05  7.699639e-06  9.100898e-01  8.297941e-01  9.472981e-01
 4.160000e+00  4.665842e-05  7.693875e-06  9.097666e-01  8.291729e-01  9.476026e-01
 4.200000e+00  4.664193e-05  7.688141e-06  9.094452e-01  8.285549e-01  9.479059e-01
 4.240000e+00  4.662553e-05  7.682436e-06  9.091255e-01  8.279402e-01  9.482080e-01
 4.280000e+00  4.660922e-05  7.676760e-06  9.088074e-01  8.273285e-01  9.485088e-01
 4.320000e+00  4.659299e-05  7.671113e-06  9.084910e-01  8.267199e-01  9.488085e-01
 4.360000e+00  4.657685e-05  7.665494e-06  9.081762e-01  8.261143e-01  9.491070e-01
 4.400000e+00  4.656078e-05  7.659902e-06  9.078629e-01  8.255116e-01  9.494045e-01
 4.440000e+00  4.654479e-05  7.654336e-06  9.075512e-01  8.249118e-01  9.497008e-01
 4.480000e+00  4.652888e-05  7.648797e-06  9.072409e-01  8.243149e-01  9.499960e-01
 4.520000e+00  4.651305e-05  7.643284e-06  9.069322e-01  8.237207e-01  9.502901e-01
 4.560000e+00  4.649729e-05  7.637795e-06  9.066249e-01  8.231292e-01  9.505833e-01
 4.600000e+00  4.648161e-05  7.632332e-06  9.063191e-01  8.225404e-01  9.508754e-01
 4.640000e+00  4.646599e-05  7.626893e-06  9.060146e-01  8.219543e-01  9.511665e-01
 4.680000e+00  4.645045e-05  7.621478e-06  9.057115e-01  8.213707e-01  9.514566e-01
 4.720000e+00  4.643497e-05  7.616086e-06  9.054098e-01  8.207896e-01  9.517458e-01
 4.760000e+00  4.641957e-05  7.610717e-06  9.051094e-01  8.202110e-01  9.520341e-01
 4.800000e+00  4.640423e-05  7.605372e-06  9.048103e-01  8.196349e-01  9.523214e-01
 4.840000e+00  4.638895e-05  7.600048e-06  9.045125e-01  8.190612e-01  9.526078e-01
 4.880000e+00  4.637374e-05  7.594746e-06  9.042160e-01  8.184898e-01  9.528934e-01
 4.920000e+00  4.635860e-05  7.589466e-06  9.039206e-01  8.179207e-01  9.531781e-01
 4.960000e+00  4.634352e-05  7.584207e-06  9.036266e-01  8.173539e-01  9.534619e-01
 5.000000e+00  4.632850e-05  7.578968e-06  9.033337e-01  8.167894e-01  9.537449e-01
 5.040000e+00  4.631353e-05  7.573750e-06  9.030419e-01  8.162271e-01  9.540271e-01
 5.080000e+00  4.629863e-05  7.568553e-06  9.027514e-01  8.156669e-01  9.543084e-01
 5.120000e+00  4.628379e-05  7.563375e-06  9.024620e-01  8.151089e-01  9.545890e-01
 5.160000e+00  4.626901e-05  7.558216e-06  9.021737e-01  8.145529e-01  9.548688e-01
 5.200000e+00  4.625428e-05  7.553077e-06  9.018865e-01  8.139991e-01  9.551479e-01
 5.240000e+00  4.623960e-05  7.547956e-06  9.016004e-01  8.134472e-01  9.554262e-01
 5.280000e+00  4.622499e-05  7.542854e-06  9.013154e-01  8.128974e-01  9.557037e-01
 5.320000e+00  4.621042e-05  7.537771e-06  9.010314e-01  8.123495e-01  9.559806e-01
 5.360000e+00  4.619591e-05  7.532705e-06  9.007485e-01  8.118035e-01  9.562567e-01
 5.400000e+00  4.618145e-05  7.527657e-06  9.004666e-01  8.112595e-01  9.565322e-01
 5.440000e+00  4.616705e-05  7.522626e-06  9.001856e-01  8.107173e-01  9.568070e-01
 5.480000e+00  4.615269e-05  7.517612e-06  8.999057e-01  8.101770e-01  9.570811e-01
 5.520000e+00  4.613838e-05  7.512615e-06  8.996268e-01  8.096385e-01  9.573545e-01
 5.560000e+00  4.612413e-05  7.507635e-06  8.993488e-01  8.091018e-01  9.576273e-01
 5.600000e+00  4.610992e-05  7.502671e-06  8.990717e-01  8.085668e-01  9.578995e-01
 5.640000e+00  4.609576e-05  7.497724e-06  8.987956e-01  8.080336e-01  9.581711e-01
 5.680000e+00  4.608164e-05  7.492792e-06  8.985204e-01  8.075021e-01  9.584420e-01
 5.720000e+00  4.606758e-05  7.487875e-06  8.982461e-01  8.069723e-01  9.587124e-01
 5.760000e+00  4.605355e-05  7.482974e-06  8.979727e-01  8.064441e-01  9.589821e-01
 5.800000e+00  4.603958e-05  7.478089e-06  8.977002e-01  8.059175e-01  9.592513e-01
 5.840000e+00  4.602564e-05  7.473218e-06  8.974286e-01  8.053926e-01  9.595199e-01
 5.880000e+00  4.601176e-05  7.468362e-06  8.971577e-01  8.048692e-01  9.597880e-01
 5.920000e+00  4.599791e-05  7.463520e-06  8.968878e-01  8.043475e-01  9.600555e-01
 5.960000e+00  4.598411e-05  7.458692e-06  8.966186e-01  8.038272e-01  9.603225e-01
 6.000000e+00  4.597034e-05  7.453879e-06  8.963503e-01  8.033084e-01  9.605890e-01
 6.040000e+00  4.595662e-05  7.449079e-06  8.960828e-01  8.027912e-01  9.608549e-01
 6.080000e+00  4.594294e-05  7.444293e-06  8.958160e-01  8.022754e-01  9.611204e-01
 6.120000e+00  4.592930e-05  7.439521e-06  8.955500e-01  8.017611e-01  9.613853e-01
 6.160000e+00  4.591570e-05  7.434761e-06  8.952849e-01  8.012482e-01  9.616498e-01
 6.200000e+00  4.590214e-05  7.430015e-06  8.950204e-01  8.007366e-01  9.619137e-01
 6.240000e+00  4.588862e-05  7.425282e-06  8.947567e-01  8.002265e-01  9.621772e-01
 6.280000e+00  4.587513e-05  7.420561e-06  8.944938e-01  7.997178e-01  9.624403e-01
 6.320000e+00  4.586168e-05  7.415853e-06  8.942315e-01  7.992103e-01  9.627029e-01
 6.360000e+00  4.584827e-05  7.411157e-06  8.939700e-01  7.987043e-01  9.629650e-01
 6.400000e+00  4.583489e-05  7.406473e-06  8.937092e-01  7.981995e-01  9.632267e-01
 6.440000e+00  4.582155e-05  7.401801e-06  8.934491e-01  7.976960e-01  9.634880e-01
 6.480000e+00  4.580825e-05  7.397141e-06  8.931897e-01  7.971937e-01  9.637489e-01
 6.520000e+00  4.579498e-05  7.392492e-06  8.929309e-01  7.966928e-01  9.640093e-01
 6.560000e+00  4.578174e-05  7.387855e-06  8.926728e-01  7.961930e-01  9.642694e-01
 6.600000e+00  4.576854e-05  7.383229e-06  8.924154e-01  7.956945e-01  9.645290e-01
 6.640000e+00  4.575537e-05  7.378614e-06  8.921586e-01  7.951971e-01  9.647883e-01
 6.680000e+00  4.574223e-05  7.374010e-06  8.919024e-01  7.947010e-01  9.650472e-01
 6.720000e+00  4.572913e-05  7.369417e-06  8.916469e-01  7.942060e-01  9.653057e-01
 6.760000e+00  4.571605e-05  7.364835e-06  8.913920e-01  7.937121e-01  9.655638e-01
 6.800000e+00  4.570301e-05  7.360263e-06  8.911377e-01  7.932194e-01  9.658216e-01
 6.840000e+00  4.569000e-05  7.355701e-06  8.908840e-01  7.927278e-01  9.660790e-01
 6.880000e+00  4.567702e-05  7.351150e-06  8.906309e-01  7.922373e-01  9.663361e-01
 6.920000e+00  4.566407e-05  7.346608e-06  8.903784e-01  7.917478e-01  9.665929e-01
 6.960000e+00  4.565115e-05  7.342077e-06  8.901265e-01  7.912595e-01  9.668493e-01
 7.000000e+00  4.563826e-05  7.337555e-06  8.898751e-01  7.907721e-01  9.671054e-01
 7.040000e+00  4.562540e-05  7.333043e-06  8.896243e-01  7.902859e-01  9.673612e-01
 7.080000e+00  4.561256e-05  7.328540e-06  8.893741e-01  7.898006e-01  9.676167e-01
 7.120000e+00  4.559976e-05  7.324046e-06  8.891244e-01  7.893163e-01  9.678718e-01
 7.160000e+00  4.558698e-05  7.319562e-06  8.888752e-01  7.888331e-01  9.681267e-01
 7.200000e+00  4.557423e-05  7.315087e-06  8.886266e-01  7.883508e-01  9.683813e-01
 7.240000e+00  4.556150e-05  7.310621e-06  8.883785e-01  7.878694e-01  9.686356e-01
 7.280000e+00  4.554880e-05  7.306163e-06  8.881309e-01  7.873891e-01  9.688896e-01
 7.320000e+00  4.553613e-05  7.301715e-06  8.878838e-01  7.869096e-01  9.691434e-01
 7.360000e+00  4.552349e-05  7.297274e-06  8.876372e-01  7.864311e-01  9.693969e-01
 7.400000e+00  4.551087e-05  7.292843e-06  8.873912e-01  7.859535e-01  9.696501e-01
 7.440000e+00  4.549827e-05  7.288419e-06  8.871456e-01  7.854768e-01  9.699031e-01
 7.480000e+00  4.548570e-05  7.284004e-06  8.869005e-01  7.850009e-01  9.701558e-01
 7.520000e+00  4.547315e-05  7.279597e-06  8.866558e-01  7.845260e-01  9.704083e-01
 7.560000e+00  4.546063e-05  7.275197e-06  8.864117e-01  7.840518e-01  9.706605e-01
 7.600000e+00  4.544813e-05  7.270806e-06  8.861680e-01  7.835786e-01  9.709125e-01
 7.640000e+00  4.543566e-05  7.266422e-06  8.859247e-01  7.831061e-01  9.711643e-01
 7.680000e+00  4.542320e-05  7.262046e-06  8.856819e-01  7.826345e-01  9.714159e-01
 7.720000e+00  4.541078e-05  7.257678e-06  8.854396e-01  7.821637e-01  9.716673e-01
 7.760000e+00  4.539837e-05  7.253316e-06  8.851976e-01  7.816937e-01  9.719184e-01
 7.800000e+00  4.538598e-05  7.248963e-06  8.849561e-01  7.812245e-01  9.721694e-01
 7.840000e+00  4.537362e-05  7.244616e-06  8.847151e-01  7.807561e-01  9.724201e-01
 7.880000e+00  4.536128e-05  7.240276e-06  8.844744e-01  7.802884e-01  9.726707e-01
 7.920000e+00  4.534896e-05  7.235944e-06  8.842342e-01  7.798215e-01  9.729210e-01
 7.960000e+00  4.533666e-05  7.231618e-06  8.839944e-01  7.793553e-01  9.731712e-01
 8.000000e+00  4.532438e-05  7.227299e-06  8.837550e-01  7.788898e-01  9.734212e-01
