1.100114e-04 1.000000e+00 9.982466e-01 9.976833e-01 9.972945e-01 9.969673e-01 9.966721e-01
1.119277e-04 9.536192e-01 9.519730e-01 9.514674e-01 9.511244e-01 9.508397e-01 9.505856e-01
1.138774e-04 9.093896e-01 9.077913e-01 9.072992e-01 9.069649e-01 9.066869e-01 9.064385e-01
1.158611e-04 8.672114e-01 8.656607e-01 8.651833e-01 8.648589e-01 8.645893e-01 8.643484e-01
1.178793e-04 8.269895e-01 8.254849e-01 8.250217e-01 8.247070e-01 8.244454e-01 8.242117e-01
1.199327e-04 7.886331e-01 7.871732e-01 7.867238e-01 7.864185e-01 7.861647e-01 7.859379e-01
1.220218e-04 7.520557e-01 7.506393e-01 7.502032e-01 7.499070e-01 7.496607e-01 7.494407e-01
1.241474e-04 7.171748e-01 7.158005e-01 7.153775e-01 7.150901e-01 7.148511e-01 7.146376e-01
1.263100e-04 6.839116e-01 6.825783e-01 6.821678e-01 6.818890e-01 6.816571e-01 6.814500e-01
1.285102e-04 6.521913e-01 6.508976e-01 6.504994e-01 6.502288e-01 6.500039e-01 6.498029e-01
1.307488e-04 6.219422e-01 6.206870e-01 6.203006e-01 6.200381e-01 6.198198e-01 6.196248e-01
1.330263e-04 5.930960e-01 5.918782e-01 5.915033e-01 5.912486e-01 5.910368e-01 5.908476e-01
1.353436e-04 5.655878e-01 5.644062e-01 5.640424e-01 5.637953e-01 5.635899e-01 5.634063e-01
1.377012e-04 5.393554e-01 5.382090e-01 5.378560e-01 5.376163e-01 5.374169e-01 5.372388e-01
1.400998e-04 5.143396e-01 5.132274e-01 5.128849e-01 5.126523e-01 5.124589e-01 5.122861e-01
1.425403e-04 4.904842e-01 4.894050e-01 4.890728e-01 4.888471e-01 4.886594e-01 4.884917e-01
1.450232e-04 4.677351e-01 4.666881e-01 4.663657e-01 4.661467e-01 4.659646e-01 4.658020e-01
1.475494e-04 4.460412e-01 4.450253e-01 4.447126e-01 4.445001e-01 4.443234e-01 4.441656e-01
1.501197e-04 4.253535e-01 4.243678e-01 4.240644e-01 4.238582e-01 4.236868e-01 4.235337e-01
1.527347e-04 4.056253e-01 4.046689e-01 4.043745e-01 4.041745e-01 4.040082e-01 4.038596e-01
1.553952e-04 3.868121e-01 3.858842e-01 3.855985e-01 3.854045e-01 3.852431e-01 3.850989e-01
1.581021e-04 3.688714e-01 3.679712e-01 3.676940e-01 3.675057e-01 3.673491e-01 3.672093e-01
1.608561e-04 3.517629e-01 3.508894e-01 3.506205e-01 3.504378e-01 3.502859e-01 3.501502e-01
1.636581e-04 3.354478e-01 3.346004e-01 3.343395e-01 3.341622e-01 3.340148e-01 3.338831e-01
1.665090e-04 3.198895e-01 3.190673e-01 3.188141e-01 3.186421e-01 3.184991e-01 3.183714e-01
1.694094e-04 3.050528e-01 3.042550e-01 3.040094e-01 3.038425e-01 3.037038e-01 3.035798e-01
1.723604e-04 2.909042e-01 2.901302e-01 2.898919e-01 2.897300e-01 2.895953e-01 2.894751e-01
1.753628e-04 2.774118e-01 2.766609e-01 2.764296e-01 2.762725e-01 2.761419e-01 2.760252e-01
1.784176e-04 2.645453e-01 2.638166e-01 2.635923e-01 2.634399e-01 2.633131e-01 2.631999e-01
1.815255e-04 2.522755e-01 2.515685e-01 2.513508e-01 2.512029e-01 2.510800e-01 2.509701e-01
1.846875e-04 2.405747e-01 2.398888e-01 2.396776e-01 2.395341e-01 2.394148e-01 2.393082e-01
1.879047e-04 2.294167e-01 2.287512e-01 2.285463e-01 2.284070e-01 2.282913e-01 2.281879e-01
1.911779e-04 2.187762e-01 2.181305e-01 2.179316e-01 2.177966e-01 2.176842e-01 2.175839e-01
1.945081e-04 2.086292e-01 2.080027e-01 2.078098e-01 2.076787e-01 2.075697e-01 2.074724e-01
1.978963e-04 1.989528e-01 1.983449e-01 1.981578e-01 1.980306e-01 1.979249e-01 1.978304e-01
2.013435e-04 1.897252e-01 1.891354e-01 1.889538e-01 1.888305e-01 1.887279e-01 1.886362e-01
2.048508e-04 1.809256e-01 1.803534e-01 1.801772e-01 1.800575e-01 1.799579e-01 1.798690e-01
2.084191e-04 1.725341e-01 1.719789e-01 1.718080e-01 1.716918e-01 1.715953e-01 1.715090e-01
2.120497e-04 1.645319e-01 1.639932e-01 1.638273e-01 1.637146e-01 1.636209e-01 1.635372e-01
2.157434e-04 1.569007e-01 1.563781e-01 1.562172e-01 1.561078e-01 1.560169e-01 1.559357e-01
2.195016e-04 1.496236e-01 1.491165e-01 1.489603e-01 1.488543e-01 1.487660e-01 1.486872e-01
2.233251e-04 1.426839e-01 1.421919e-01 1.420404e-01 1.419375e-01 1.418519e-01 1.417754e-01
2.272153e-04 1.360661e-01 1.355888e-01 1.354418e-01 1.353419e-01 1.352589e-01 1.351847e-01
2.311733e-04 1.297553e-01 1.292921e-01 1.291495e-01 1.290526e-01 1.289720e-01 1.289000e-01
2.352001e-04 1.237371e-01 1.232878e-01 1.231494e-01 1.230554e-01 1.229772e-01 1.229073e-01
2.392972e-04 1.179981e-01 1.175621e-01 1.174278e-01 1.173366e-01 1.172608e-01 1.171930e-01
2.434656e-04 1.125253e-01 1.121022e-01 1.119720e-01 1.118835e-01 1.118099e-01 1.117441e-01
2.477066e-04 1.073062e-01 1.068958e-01 1.067694e-01 1.066835e-01 1.066121e-01 1.065483e-01
2.520215e-04 1.023293e-01 1.019311e-01 1.018084e-01 1.017251e-01 1.016558e-01 1.015939e-01
2.564116e-04 9.758319e-02 9.719682e-02 9.707783e-02 9.699699e-02 9.692976e-02 9.686969e-02
2.608781e-04 9.305720e-02 9.268234e-02 9.256689e-02 9.248845e-02 9.242321e-02 9.236493e-02
2.654224e-04 8.874114e-02 8.837743e-02 8.826541e-02 8.818930e-02 8.812601e-02 8.806946e-02
2.700459e-04 8.462526e-02 8.427237e-02 8.416368e-02 8.408984e-02 8.402842e-02 8.397356e-02
2.747499e-04 8.070027e-02 8.035788e-02 8.025243e-02 8.018078e-02 8.012119e-02 8.006796e-02
2.795359e-04 7.695733e-02 7.662513e-02 7.652281e-02 7.645329e-02 7.639548e-02 7.634383e-02
2.844052e-04 7.338799e-02 7.306567e-02 7.296640e-02 7.289895e-02 7.284285e-02 7.279273e-02
2.893594e-04 6.998420e-02 6.967147e-02 6.957515e-02 6.950970e-02 6.945528e-02 6.940665e-02
2.943999e-04 6.673828e-02 6.643486e-02 6.634140e-02 6.627790e-02 6.622509e-02 6.617791e-02
2.995281e-04 6.364291e-02 6.334851e-02 6.325783e-02 6.319622e-02 6.314498e-02 6.309920e-02
3.047457e-04 6.069110e-02 6.040546e-02 6.031748e-02 6.025770e-02 6.020798e-02 6.016357e-02
3.100542e-04 5.787620e-02 5.759906e-02 5.751370e-02 5.745569e-02 5.740745e-02 5.736436e-02
3.154551e-04 5.519186e-02 5.492296e-02 5.484014e-02 5.478386e-02 5.473705e-02 5.469524e-02
3.209502e-04 5.263202e-02 5.237112e-02 5.229076e-02 5.223616e-02 5.219074e-02 5.215017e-02
3.265409e-04 5.019090e-02 4.993777e-02 4.985980e-02 4.980682e-02 4.976275e-02 4.972338e-02
3.322290e-04 4.786301e-02 4.761741e-02 4.754176e-02 4.749035e-02 4.744759e-02 4.740940e-02
3.380163e-04 4.564309e-02 4.540479e-02 4.533139e-02 4.528151e-02 4.524003e-02 4.520296e-02
3.439043e-04 4.352612e-02 4.329492e-02 4.322370e-02 4.317530e-02 4.313505e-02 4.309909e-02
3.498949e-04 4.150735e-02 4.128303e-02 4.121392e-02 4.116696e-02 4.112791e-02 4.109302e-02
3.559898e-04 3.958221e-02 3.936456e-02 3.929751e-02 3.925195e-02 3.921405e-02 3.918019e-02
3.621909e-04 3.774635e-02 3.753518e-02 3.747012e-02 3.742591e-02 3.738915e-02 3.735630e-02
3.685001e-04 3.599565e-02 3.579076e-02 3.572763e-02 3.568474e-02 3.564907e-02 3.561719e-02
3.749191e-04 3.432614e-02 3.412735e-02 3.406610e-02 3.402448e-02 3.398987e-02 3.395894e-02
3.814500e-04 3.273407e-02 3.254119e-02 3.248176e-02 3.244138e-02 3.240779e-02 3.237779e-02
3.880946e-04 3.121584e-02 3.102869e-02 3.097104e-02 3.093185e-02 3.089927e-02 3.087015e-02
3.948550e-04 2.976802e-02 2.958645e-02 2.953050e-02 2.949249e-02 2.946087e-02 2.943261e-02
4.017331e-04 2.838736e-02 2.821118e-02 2.815690e-02 2.812002e-02 2.808934e-02 2.806192e-02
4.087310e-04 2.707073e-02 2.689980e-02 2.684713e-02 2.681134e-02 2.678157e-02 2.675497e-02
4.158508e-04 2.581517e-02 2.564932e-02 2.559822e-02 2.556349e-02 2.553461e-02 2.550880e-02
4.230947e-04 2.461784e-02 2.445693e-02 2.440734e-02 2.437365e-02 2.434562e-02 2.432058e-02
4.304647e-04 2.347605e-02 2.331992e-02 2.327181e-02 2.323912e-02 2.321192e-02 2.318762e-02
4.379632e-04 2.238721e-02 2.223573e-02 2.218905e-02 2.215733e-02 2.213094e-02 2.210736e-02
4.455922e-04 2.134888e-02 2.120190e-02 2.115660e-02 2.112583e-02 2.110022e-02 2.107735e-02
4.533541e-04 2.035870e-02 2.021609e-02 2.017215e-02 2.014228e-02 2.011744e-02 2.009524e-02
4.612513e-04 1.941445e-02 1.927608e-02 1.923344e-02 1.920446e-02 1.918036e-02 1.915882e-02
4.692860e-04 1.851399e-02 1.837974e-02 1.833837e-02 1.831025e-02 1.828686e-02 1.826596e-02
4.774607e-04 1.765530e-02 1.752504e-02 1.748490e-02 1.745762e-02 1.743492e-02 1.741465e-02
4.857777e-04 1.683643e-02 1.671005e-02 1.667110e-02 1.664463e-02 1.662261e-02 1.660293e-02
4.942397e-04 1.605554e-02 1.593292e-02 1.589513e-02 1.586944e-02 1.584808e-02 1.582899e-02
5.028490e-04 1.531087e-02 1.519190e-02 1.515523e-02 1.513031e-02 1.510958e-02 1.509105e-02
5.116083e-04 1.460074e-02 1.448531e-02 1.444973e-02 1.442555e-02 1.440543e-02 1.438746e-02
5.205202e-04 1.392355e-02 1.381155e-02 1.377702e-02 1.375356e-02 1.373404e-02 1.371660e-02
5.295873e-04 1.327777e-02 1.316909e-02 1.313560e-02 1.311283e-02 1.309389e-02 1.307697e-02
5.388124e-04 1.266193e-02 1.255649e-02 1.252399e-02 1.250190e-02 1.248353e-02 1.246711e-02
5.481982e-04 1.207466e-02 1.197236e-02 1.194082e-02 1.191939e-02 1.190156e-02 1.188563e-02
5.577474e-04 1.151463e-02 1.141537e-02 1.138477e-02 1.136397e-02 1.134667e-02 1.133121e-02
5.674631e-04 1.098057e-02 1.088426e-02 1.085457e-02 1.083439e-02 1.081761e-02 1.080261e-02
5.773479e-04 1.047129e-02 1.037784e-02 1.034903e-02 1.032945e-02 1.031316e-02 1.029861e-02
5.874049e-04 9.985619e-03 9.894951e-03 9.867001e-03 9.848002e-03 9.832197e-03 9.818073e-03
5.976372e-04 9.522478e-03 9.434507e-03 9.407387e-03 9.388952e-03 9.373616e-03 9.359911e-03
6.080476e-04 9.080819e-03 8.995463e-03 8.969148e-03 8.951261e-03 8.936381e-03 8.923082e-03
6.186394e-04 8.659643e-03 8.576826e-03 8.551293e-03 8.533937e-03 8.519498e-03 8.506594e-03
6.294157e-04 8.258002e-03 8.177647e-03 8.152873e-03 8.136032e-03 8.122022e-03 8.109501e-03
6.403798e-04 7.874990e-03 7.797024e-03 7.772986e-03 7.756645e-03 7.743051e-03 7.730901e-03
6.515348e-04 7.509742e-03 7.434094e-03 7.410770e-03 7.394914e-03 7.381723e-03 7.369934e-03
6.628841e-04 7.161434e-03 7.088036e-03 7.065404e-03 7.050020e-03 7.037220e-03 7.025781e-03
6.744311e-04 6.829281e-03 6.758066e-03 6.736106e-03 6.721178e-03 6.708758e-03 6.697658e-03
6.861793e-04 6.512534e-03 6.443436e-03 6.422128e-03 6.407643e-03 6.395592e-03 6.384822e-03
6.981321e-04 6.210478e-03 6.143434e-03 6.122759e-03 6.108704e-03 6.097011e-03 6.086559e-03
7.102931e-04 5.922431e-03 5.857381e-03 5.837320e-03 5.823682e-03 5.812335e-03 5.802194e-03
7.226659e-04 5.647744e-03 5.584628e-03 5.565163e-03 5.551930e-03 5.540919e-03 5.531079e-03
7.352543e-04 5.385797e-03 5.324557e-03 5.305670e-03 5.292830e-03 5.282146e-03 5.272598e-03
7.480620e-04 5.136000e-03 5.076581e-03 5.058254e-03 5.045795e-03 5.035428e-03 5.026163e-03
7.610928e-04 4.897788e-03 4.840135e-03 4.822353e-03 4.810264e-03 4.800205e-03 4.791214e-03
7.743505e-04 4.670625e-03 4.614686e-03 4.597432e-03 4.585701e-03 4.575940e-03 4.567216e-03
7.878392e-04 4.453998e-03 4.399722e-03 4.382980e-03 4.371597e-03 4.362126e-03 4.353660e-03
8.015629e-04 4.247418e-03 4.194755e-03 4.178511e-03 4.167465e-03 4.158275e-03 4.150060e-03
8.155256e-04 4.050419e-03 3.999322e-03 3.983560e-03 3.972842e-03 3.963924e-03 3.955953e-03
8.297315e-04 3.862558e-03 3.812980e-03 3.797685e-03 3.787285e-03 3.778632e-03 3.770897e-03
8.441849e-04 3.683409e-03 3.635305e-03 3.620464e-03 3.610373e-03 3.601976e-03 3.594471e-03
8.588901e-04 3.512570e-03 3.465895e-03 3.451495e-03 3.441703e-03 3.433555e-03 3.426272e-03
8.738514e-04 3.349654e-03 3.304367e-03 3.290394e-03 3.280893e-03 3.272986e-03 3.265919e-03
8.890734e-04 3.194295e-03 3.150353e-03 3.136795e-03 3.127576e-03 3.119904e-03 3.113046e-03
9.045604e-04 3.046141e-03 3.003506e-03 2.990350e-03 2.981404e-03 2.973959e-03 2.967304e-03
9.203173e-04 2.904859e-03 2.863490e-03 2.850725e-03 2.842044e-03 2.834820e-03 2.828362e-03
9.363487e-04 2.770129e-03 2.729990e-03 2.717604e-03 2.709180e-03 2.702170e-03 2.695904e-03
9.526593e-04 2.641648e-03 2.602702e-03 2.590683e-03 2.582510e-03 2.575707e-03 2.569627e-03
9.692540e-04 2.519127e-03 2.481338e-03 2.469676e-03 2.461744e-03 2.455144e-03 2.449243e-03
9.861378e-04 2.402288e-03 2.365622e-03 2.354305e-03 2.346609e-03 2.340204e-03 2.334478e-03
1.003316e-03 2.290868e-03 2.255292e-03 2.244311e-03 2.236843e-03 2.230627e-03 2.225071e-03
1.020793e-03 2.184615e-03 2.150097e-03 2.139441e-03 2.132195e-03 2.126163e-03 2.120772e-03
1.038574e-03 2.083291e-03 2.049798e-03 2.039459e-03 2.032427e-03 2.026574e-03 2.021342e-03
1.056666e-03 1.986667e-03 1.954169e-03 1.944136e-03 1.937313e-03 1.931633e-03 1.926556e-03
1.075072e-03 1.894524e-03 1.862991e-03 1.853256e-03 1.846635e-03 1.841124e-03 1.836197e-03
1.093799e-03 1.806654e-03 1.776058e-03 1.766612e-03 1.760187e-03 1.754839e-03 1.750058e-03
1.112852e-03 1.722860e-03 1.693173e-03 1.684007e-03 1.677773e-03 1.672583e-03 1.667943e-03
1.132238e-03 1.642952e-03 1.614148e-03 1.605254e-03 1.599203e-03 1.594168e-03 1.589665e-03
1.151961e-03 1.566751e-03 1.538802e-03 1.530172e-03 1.524301e-03 1.519414e-03 1.515045e-03
1.172027e-03 1.494084e-03 1.466965e-03 1.458591e-03 1.452894e-03 1.448151e-03 1.443911e-03
1.192443e-03 1.424787e-03 1.398474e-03 1.390348e-03 1.384819e-03 1.380218e-03 1.376103e-03
1.213215e-03 1.358704e-03 1.333173e-03 1.325287e-03 1.319923e-03 1.315457e-03 1.311464e-03
1.234348e-03 1.295687e-03 1.270914e-03 1.263262e-03 1.258056e-03 1.253723e-03 1.249848e-03
1.255849e-03 1.235592e-03 1.211554e-03 1.204129e-03 1.199078e-03 1.194873e-03 1.191112e-03
1.277726e-03 1.178284e-03 1.154961e-03 1.147756e-03 1.142854e-03 1.138773e-03 1.135124e-03
1.299983e-03 1.123634e-03 1.101004e-03 1.094012e-03 1.089255e-03 1.085295e-03 1.081754e-03
1.322628e-03 1.071519e-03 1.049561e-03 1.042776e-03 1.038160e-03 1.034317e-03 1.030881e-03
1.345667e-03 1.021821e-03 1.000515e-03 9.939316e-04 9.894522e-04 9.857229e-04 9.823879e-04
1.369108e-03 9.744286e-04 9.537548e-04 9.473665e-04 9.430197e-04 9.394006e-04 9.361641e-04
1.392957e-03 9.292338e-04 9.091739e-04 9.029749e-04 8.987567e-04 8.952446e-04 8.921038e-04
1.417221e-03 8.861352e-04 8.666710e-04 8.606556e-04 8.565622e-04 8.531539e-04 8.501059e-04
1.441908e-03 8.450356e-04 8.261493e-04 8.203120e-04 8.163397e-04 8.130322e-04 8.100742e-04
1.467025e-03 8.058422e-04 7.875166e-04 7.818522e-04 7.779974e-04 7.747877e-04 7.719170e-04
1.492580e-03 7.684666e-04 7.506851e-04 7.451885e-04 7.414477e-04 7.383328e-04 7.355469e-04
1.518580e-03 7.328245e-04 7.155709e-04 7.102370e-04 7.066069e-04 7.035840e-04 7.008804e-04
1.545032e-03 6.988356e-04 6.820941e-04 6.769182e-04 6.733954e-04 6.704618e-04 6.678380e-04
1.571946e-03 6.664230e-04 6.501786e-04 6.451558e-04 6.417372e-04 6.388903e-04 6.363439e-04
1.599328e-03 6.355138e-04 6.197515e-04 6.148775e-04 6.115599e-04 6.087971e-04 6.063258e-04
1.627187e-03 6.060382e-04 5.907438e-04 5.860140e-04 5.827945e-04 5.801132e-04 5.777149e-04
1.655532e-03 5.779297e-04 5.630892e-04 5.584994e-04 5.553750e-04 5.527729e-04 5.504454e-04
1.684370e-03 5.511249e-04 5.367248e-04 5.322708e-04 5.292388e-04 5.267135e-04 5.244546e-04
1.713711e-03 5.255633e-04 5.115905e-04 5.072683e-04 5.043259e-04 5.018752e-04 4.996829e-04
1.743563e-03 5.011872e-04 4.876292e-04 4.834348e-04 4.805793e-04 4.782009e-04 4.760733e-04
1.773935e-03 4.779418e-04 4.647860e-04 4.607157e-04 4.579446e-04 4.556364e-04 4.535714e-04
1.804835e-03 4.557745e-04 4.430091e-04 4.390592e-04 4.363699e-04 4.341298e-04 4.321257e-04
1.836274e-03 4.346353e-04 4.222486e-04 4.184156e-04 4.158057e-04 4.136317e-04 4.116866e-04
1.868261e-03 4.144766e-04 4.024574e-04 3.987377e-04 3.962049e-04 3.940950e-04 3.922072e-04
1.900805e-03 3.952528e-04 3.835902e-04 3.799805e-04 3.775224e-04 3.754747e-04 3.736426e-04
1.933916e-03 3.769207e-04 3.656041e-04 3.621010e-04 3.597155e-04 3.577282e-04 3.559501e-04
1.967604e-03 3.594388e-04 3.484579e-04 3.450584e-04 3.427433e-04 3.408146e-04 3.390888e-04
2.001878e-03 3.427678e-04 3.321125e-04 3.288135e-04 3.265667e-04 3.246948e-04 3.230198e-04
2.036749e-03 3.268700e-04 3.165307e-04 3.133292e-04 3.111487e-04 3.093320e-04 3.077063e-04
2.072228e-03 3.117095e-04 3.016769e-04 2.985699e-04 2.964538e-04 2.946905e-04 2.931127e-04
2.108325e-03 2.972521e-04 2.875170e-04 2.845019e-04 2.824481e-04 2.807369e-04 2.792054e-04
2.145051e-03 2.834654e-04 2.740189e-04 2.710929e-04 2.690997e-04 2.674388e-04 2.659524e-04
2.182416e-03 2.703180e-04 2.611517e-04 2.583120e-04 2.563776e-04 2.547656e-04 2.533229e-04
2.220433e-03 2.577805e-04 2.488859e-04 2.461301e-04 2.442527e-04 2.426881e-04 2.412879e-04
2.259111e-03 2.458244e-04 2.371935e-04 2.345191e-04 2.326970e-04 2.311785e-04 2.298194e-04
2.298463e-03 2.344229e-04 2.260478e-04 2.234524e-04 2.216840e-04 2.202102e-04 2.188910e-04
2.338501e-03 2.235502e-04 2.154234e-04 2.129045e-04 2.111882e-04 2.097578e-04 2.084773e-04
2.379236e-03 2.131817e-04 2.052958e-04 2.028513e-04 2.011856e-04 1.997972e-04 1.985543e-04
2.420681e-03 2.032942e-04 1.956420e-04 1.932696e-04 1.916529e-04 1.903054e-04 1.890990e-04
2.462848e-03 1.938653e-04 1.864398e-04 1.841374e-04 1.825683e-04 1.812604e-04 1.800895e-04
2.505749e-03 1.848736e-04 1.776682e-04 1.754338e-04 1.739109e-04 1.726413e-04 1.715048e-04
2.549398e-03 1.762991e-04 1.693071e-04 1.671386e-04 1.656605e-04 1.644283e-04 1.633251e-04
2.593807e-03 1.681222e-04 1.613374e-04 1.592328e-04 1.577982e-04 1.566022e-04 1.555313e-04
2.638989e-03 1.603245e-04 1.537408e-04 1.516982e-04 1.503058e-04 1.491449e-04 1.481054e-04
2.684959e-03 1.528886e-04 1.464998e-04 1.445174e-04 1.431660e-04 1.420392e-04 1.410302e-04
2.731729e-03 1.457975e-04 1.395979e-04 1.376740e-04 1.363623e-04 1.352685e-04 1.342891e-04
2.779314e-03 1.390353e-04 1.330194e-04 1.311521e-04 1.298789e-04 1.288173e-04 1.278666e-04
2.827728e-03 1.325867e-04 1.267489e-04 1.249367e-04 1.237010e-04 1.226705e-04 1.217476e-04
2.876985e-03 1.264372e-04 1.207723e-04 1.190135e-04 1.178140e-04 1.168137e-04 1.159179e-04
2.927100e-03 1.205730e-04 1.150758e-04 1.133687e-04 1.122045e-04 1.112336e-04 1.103639e-04
2.978088e-03 1.149807e-04 1.096463e-04 1.079895e-04 1.068594e-04 1.059169e-04 1.050727e-04
3.029965e-03 1.096478e-04 1.044713e-04 1.028632e-04 1.017664e-04 1.008515e-04 1.000320e-04
3.082745e-03 1.045623e-04 9.953895e-05 9.797823e-05 9.691359e-05 9.602550e-05 9.522995e-05
3.136444e-03 9.971259e-05 9.483794e-05 9.332314e-05 9.228974e-05 9.142765e-05 9.065535e-05
3.191079e-03 9.508784e-05 9.035745e-05 8.888720e-05 8.788412e-05 8.704726e-05 8.629753e-05
3.246666e-03 9.067760e-05 8.608717e-05 8.466016e-05 8.368649e-05 8.287412e-05 8.214628e-05
3.303221e-03 8.647190e-05 8.201728e-05 8.063223e-05 7.968711e-05 7.889850e-05 7.819191e-05
3.360761e-03 8.246127e-05 7.813842e-05 7.679409e-05 7.587667e-05 7.511112e-05 7.442514e-05
3.419303e-03 7.863665e-05 7.444167e-05 7.313684e-05 7.224630e-05 7.150313e-05 7.083716e-05
3.478865e-03 7.498942e-05 7.091851e-05 6.965202e-05 6.878756e-05 6.806611e-05 6.741956e-05
3.539465e-03 7.151135e-05 6.756083e-05 6.633154e-05 6.549239e-05 6.479201e-05 6.416430e-05
3.601120e-03 6.819460e-05 6.436088e-05 6.316769e-05 6.235311e-05 6.167318e-05 6.106375e-05
3.663849e-03 6.503168e-05 6.131131e-05 6.015314e-05 5.936240e-05 5.870231e-05 5.811063e-05
3.727671e-03 6.201546e-05 5.840506e-05 5.728089e-05 5.651327e-05 5.587244e-05 5.529799e-05
3.792605e-03 5.913914e-05 5.563545e-05 5.454426e-05 5.379909e-05 5.317695e-05 5.261920e-05
3.858670e-03 5.639622e-05 5.299607e-05 5.193689e-05 5.121350e-05 5.060949e-05 5.006797e-05
3.925885e-03 5.378052e-05 5.048084e-05 4.945272e-05 4.875047e-05 4.816406e-05 4.763827e-05
3.994272e-03 5.128614e-05 4.808395e-05 4.708597e-05 4.640423e-05 4.583489e-05 4.532438e-05
4.063849e-03 4.890745e-05 4.579985e-05 4.483112e-05 4.416928e-05 4.361652e-05 4.312083e-05
4.134639e-03 4.663908e-05 4.362327e-05 4.268292e-05 4.204040e-05 4.150372e-05 4.102242e-05
4.206662e-03 4.447593e-05 4.154917e-05 4.063637e-05 4.001259e-05 3.949152e-05 3.902417e-05
4.279939e-03 4.241310e-05 3.957276e-05 3.868668e-05 3.808110e-05 3.757518e-05 3.712137e-05
4.354493e-03 4.044595e-05 3.768946e-05 3.682932e-05 3.624139e-05 3.575017e-05 3.530951e-05
4.430345e-03 3.857003e-05 3.589492e-05 3.505994e-05 3.448913e-05 3.401218e-05 3.358428e-05
4.507519e-03 3.678112e-05 3.418496e-05 3.337440e-05 3.282022e-05 3.235711e-05 3.194159e-05
4.586037e-03 3.507519e-05 3.255563e-05 3.176877e-05 3.123073e-05 3.078105e-05 3.037755e-05
4.665923e-03 3.344837e-05 3.100315e-05 3.023929e-05 2.971690e-05 2.928026e-05 2.888842e-05
4.747201e-03 3.189701e-05 2.952392e-05 2.878238e-05 2.827518e-05 2.785119e-05 2.747067e-05
4.829894e-03 3.041760e-05 2.811450e-05 2.739462e-05 2.690216e-05 2.649045e-05 2.612091e-05
4.914028e-03 2.900681e-05 2.677162e-05 2.607275e-05 2.559461e-05 2.519481e-05 2.483593e-05
4.999627e-03 2.766145e-05 2.549216e-05 2.481369e-05 2.434943e-05 2.396120e-05 2.361266e-05
5.086717e-03 2.637849e-05 2.427315e-05 2.361447e-05 2.316368e-05 2.278667e-05 2.244817e-05
5.175325e-03 2.515504e-05 2.311174e-05 2.247227e-05 2.203456e-05 2.166844e-05 2.133968e-05
5.265475e-03 2.398833e-05 2.200523e-05 2.138440e-05 2.095938e-05 2.060383e-05 2.028453e-05
5.357197e-03 2.287573e-05 2.095106e-05 2.034831e-05 1.993561e-05 1.959032e-05 1.928019e-05
5.450516e-03 2.181474e-05 1.994675e-05 1.936156e-05 1.896081e-05 1.862547e-05 1.832425e-05
5.545460e-03 2.080295e-05 1.898998e-05 1.842182e-05 1.803266e-05 1.770699e-05 1.741441e-05
5.642059e-03 1.983810e-05 1.807850e-05 1.752687e-05 1.714897e-05 1.683267e-05 1.654848e-05
5.740340e-03 1.891799e-05 1.721018e-05 1.667459e-05 1.630762e-05 1.600042e-05 1.572437e-05
5.840333e-03 1.804056e-05 1.638301e-05 1.586299e-05 1.550661e-05 1.520825e-05 1.494009e-05
5.942068e-03 1.720382e-05 1.559504e-05 1.509013e-05 1.474404e-05 1.445424e-05 1.419376e-05
6.045575e-03 1.640590e-05 1.484444e-05 1.435419e-05 1.401808e-05 1.373660e-05 1.348355e-05
6.150885e-03 1.564498e-05 1.412944e-05 1.365341e-05 1.332700e-05 1.305359e-05 1.280776e-05
6.258029e-03 1.491935e-05 1.344837e-05 1.298615e-05 1.266914e-05 1.240357e-05 1.216475e-05
6.367040e-03 1.422738e-05 1.279964e-05 1.235082e-05 1.204294e-05 1.178496e-05 1.155294e-05
6.477950e-03 1.356751e-05 1.218172e-05 1.174590e-05 1.144687e-05 1.119628e-05 1.097086e-05
6.590792e-03 1.293823e-05 1.159316e-05 1.116996e-05 1.087953e-05 1.063609e-05 1.041708e-05
6.705599e-03 1.233815e-05 1.103258e-05 1.062163e-05 1.033954e-05 1.010305e-05 9.890249e-06
6.822407e-03 1.176590e-05 1.049867e-05 1.009960e-05 9.825602e-06 9.595856e-06 9.389088e-06
6.941248e-03 1.122018e-05 9.990157e-06 9.602620e-06 9.336480e-06 9.113279e-06 8.912365e-06
7.062161e-03 1.069978e-05 9.505854e-06 9.129510e-06 8.870994e-06 8.654144e-06 8.458912e-06
7.185179e-03 1.020352e-05 9.044619e-06 8.679137e-06 8.428020e-06 8.217334e-06 8.027616e-06
7.310340e-03 9.730272e-06 8.605363e-06 8.250422e-06 8.006486e-06 7.801782e-06 7.617415e-06
7.437682e-03 9.278975e-06 8.187049e-06 7.842339e-06 7.605372e-06 7.406473e-06 7.227299e-06
7.567241e-03 8.848609e-06 7.788691e-06 7.453908e-06 7.223704e-06 7.030439e-06 6.856305e-06
7.699058e-03 8.438204e-06 7.409345e-06 7.084197e-06 6.860556e-06 6.672759e-06 6.503516e-06
7.833171e-03 8.046833e-06 7.048114e-06 6.732317e-06 6.515046e-06 6.332555e-06 6.168057e-06
7.969620e-03 7.673615e-06 6.704142e-06 6.397420e-06 6.186330e-06 6.008989e-06 5.849097e-06
8.108445e-03 7.317707e-06 6.376615e-06 6.078699e-06 5.873609e-06 5.701265e-06 5.545842e-06
8.249689e-03 6.978306e-06 6.064755e-06 5.775385e-06 5.576117e-06 5.408623e-06 5.257538e-06
8.393394e-03 6.654647e-06 5.767821e-06 5.486745e-06 5.293128e-06 5.130340e-06 4.983464e-06
8.539601e-03 6.345999e-06 5.485107e-06 5.212081e-06 5.023947e-06 4.865726e-06 4.722934e-06
8.688356e-03 6.051667e-06 5.215941e-06 4.950727e-06 4.767914e-06 4.614126e-06 4.475297e-06
8.839701e-03 5.770986e-06 4.959682e-06 4.702049e-06 4.524400e-06 4.374913e-06 4.239930e-06
8.993683e-03 5.503323e-06 4.715717e-06 4.465442e-06 4.292805e-06 4.147492e-06 4.016240e-06
9.150348e-03 5.248075e-06 4.483466e-06 4.240331e-06 4.072558e-06 3.931295e-06 3.803664e-06
9.309741e-03 5.004665e-06 4.262373e-06 4.026167e-06 3.863114e-06 3.725781e-06 3.601664e-06
9.471911e-03 4.772545e-06 4.051909e-06 3.822428e-06 3.663955e-06 3.530436e-06 3.409728e-06
9.636905e-03 4.551190e-06 3.851571e-06 3.628615e-06 3.474588e-06 3.344770e-06 3.227368e-06
9.804774e-03 4.340103e-06 3.660877e-06 3.444255e-06 3.294541e-06 3.168314e-06 3.054121e-06
9.975567e-03 4.138805e-06 3.479370e-06 3.268894e-06 3.123366e-06 3.000623e-06 2.889544e-06
1.014934e-02 3.946844e-06 3.306613e-06 3.102103e-06 2.960637e-06 2.841275e-06 2.733216e-06
1.032613e-02 3.763787e-06 3.142193e-06 2.943471e-06 2.805947e-06 2.689865e-06 2.584735e-06
1.050600e-02 3.589219e-06 2.985711e-06 2.792607e-06 2.658907e-06 2.546008e-06 2.443721e-06
1.068901e-02 3.422749e-06 2.836791e-06 2.649139e-06 2.519151e-06 2.409339e-06 2.309808e-06
1.087521e-02 3.263999e-06 2.695072e-06 2.512711e-06 2.386324e-06 2.279509e-06 2.182652e-06
1.106465e-02 3.112612e-06 2.560213e-06 2.382986e-06 2.260094e-06 2.156185e-06 2.061921e-06
1.125739e-02 2.968247e-06 2.431887e-06 2.259643e-06 2.140141e-06 2.039051e-06 1.947302e-06
1.145348e-02 2.830577e-06 2.309782e-06 2.142373e-06 2.026161e-06 1.927806e-06 1.838496e-06
1.165300e-02 2.699293e-06 2.193603e-06 2.030885e-06 1.917866e-06 1.822163e-06 1.735218e-06
1.185598e-02 2.574098e-06 2.083065e-06 1.924901e-06 1.814979e-06 1.721849e-06 1.637197e-06
1.206251e-02 2.454709e-06 1.977901e-06 1.824155e-06 1.717237e-06 1.626604e-06 1.544174e-06
1.227263e-02 2.340858e-06 1.877854e-06 1.728395e-06 1.624393e-06 1.536179e-06 1.455904e-06
1.248641e-02 2.232287e-06 1.782679e-06 1.637381e-06 1.536206e-06 1.450340e-06 1.372153e-06
1.270392e-02 2.128752e-06 1.692144e-06 1.550883e-06 1.452451e-06 1.368860e-06 1.292697e-06
1.292521e-02 2.030019e-06 1.606026e-06 1.468683e-06 1.372912e-06 1.291528e-06 1.217325e-06
1.315036e-02 1.935865e-06 1.524115e-06 1.390572e-06 1.297383e-06 1.218138e-06 1.145835e-06
1.337943e-02 1.846078e-06 1.446209e-06 1.316354e-06 1.225668e-06 1.148497e-06 1.078033e-06
1.361249e-02 1.760455e-06 1.372116e-06 1.245840e-06 1.157582e-06 1.082420e-06 1.013738e-06
1.384961e-02 1.678804e-06 1.301653e-06 1.178849e-06 1.092946e-06 1.019732e-06 9.527744e-07
1.409086e-02 1.600940e-06 1.234647e-06 1.115212e-06 1.031591e-06 9.602644e-07 8.949764e-07
1.433632e-02 1.526687e-06 1.170931e-06 1.054764e-06 9.733572e-07 9.038589e-07 8.401858e-07
1.458605e-02 1.455878e-06 1.110347e-06 9.973510e-07 9.180908e-07 8.503632e-07 7.882521e-07
1.484013e-02 1.388353e-06 1.052746e-06 9.428252e-07 8.656458e-07 7.996331e-07 7.390321e-07
1.509863e-02 1.323960e-06 9.979828e-07 8.910459e-07 8.158834e-07 7.515309e-07 6.923892e-07
1.536164e-02 1.262554e-06 9.459215e-07 8.418790e-07 7.686712e-07 7.059257e-07 6.481934e-07
1.562923e-02 1.203996e-06 8.964321e-07 7.951969e-07 7.238834e-07 6.626927e-07 6.063210e-07
1.590148e-02 1.148154e-06 8.493904e-07 7.508782e-07 6.814000e-07 6.217132e-07 5.666539e-07
1.617848e-02 1.094901e-06 8.046785e-07 7.088072e-07 6.411069e-07 5.828742e-07 5.290798e-07
1.646029e-02 1.044119e-06 7.621839e-07 6.688736e-07 6.028952e-07 5.460679e-07 4.934917e-07
1.674702e-02 9.956920e-07 7.217994e-07 6.309727e-07 5.666616e-07 5.111918e-07 4.597876e-07
1.703874e-02 9.495110e-07 6.834231e-07 5.950044e-07 5.323075e-07 4.781482e-07 4.278701e-07
1.733555e-02 9.054719e-07 6.469578e-07 5.608738e-07 4.997390e-07 4.468441e-07 3.976464e-07
1.763752e-02 8.634755e-07 6.123108e-07 5.284902e-07 4.688667e-07 4.171909e-07 3.690282e-07
1.794476e-02 8.234268e-07 5.793941e-07 4.977675e-07 4.396057e-07 3.891041e-07 3.419308e-07
1.825734e-02 7.852356e-07 5.481237e-07 4.686235e-07 4.118748e-07 3.625032e-07 3.162734e-07
1.857538e-02 7.488158e-07 5.184197e-07 4.409801e-07 3.855969e-07 3.373115e-07 2.919790e-07
1.889895e-02 7.140851e-07 4.902058e-07 4.147628e-07 3.606985e-07 3.134558e-07 2.689735e-07
1.922815e-02 6.809653e-07 4.634096e-07 3.899008e-07 3.371096e-07 2.908661e-07 2.471861e-07
1.956310e-02 6.493816e-07 4.379620e-07 3.663266e-07 3.147635e-07 2.694759e-07 2.265487e-07
1.990387e-02 6.192628e-07 4.137973e-07 3.439760e-07 2.935967e-07 2.492215e-07 2.069958e-07
2.025059e-02 5.905409e-07 3.908528e-07 3.227878e-07 2.735485e-07 2.300419e-07 1.884641e-07
2.060334e-02 5.631512e-07 3.690689e-07 3.027037e-07 2.545613e-07 2.118789e-07 1.708925e-07
2.096224e-02 5.370318e-07 3.483887e-07 2.836683e-07 2.365800e-07 1.946765e-07 1.542211e-07
2.132738e-02 5.121238e-07 3.287582e-07 2.656287e-07 2.195520e-07 1.783811e-07 1.383916e-07
2.169889e-02 4.883711e-07 3.101260e-07 2.485347e-07 2.034271e-07 1.629410e-07 1.233464e-07
2.207687e-02 4.657201e-07 2.924429e-07 2.323383e-07 1.881576e-07 1.483064e-07 1.090280e-07
2.246144e-02 4.441197e-07 2.756623e-07 2.169938e-07 1.736976e-07 1.344291e-07 9.537868e-08
2.285270e-02 4.235210e-07 2.597397e-07 2.024578e-07 1.600033e-07 1.212622e-07 8.233916e-08
2.325078e-02 4.038778e-07 2.446329e-07 1.886887e-07 1.470326e-07 1.087597e-07 6.984704e-08
2.365580e-02 3.851457e-07 2.303014e-07 1.756472e-07 1.347454e-07 9.687665e-08 5.783150e-08
2.406787e-02 3.672823e-07 2.167069e-07 1.632955e-07 1.231028e-07 8.556813e-08 4.619038e-08
2.448711e-02 3.502475e-07 2.038129e-07 1.515976e-07 1.120677e-07 7.478922e-08 3.467920e-08
2.491366e-02 3.340027e-07 1.915845e-07 1.405194e-07 1.016038e-07 6.449424e-08 2.239386e-08
2.534764e-02 3.185114e-07 1.799887e-07 1.300280e-07 9.167617e-08 5.463601e-08 5.537659e-09
2.578918e-02 3.037386e-07 1.689940e-07 1.200922e-07 8.225074e-08 4.516466e-08 -3.132215e-08
2.623841e-02 2.896510e-07 1.585701e-07 1.106820e-07 7.329405e-08 3.602507e-08 -1.457456e-07
2.669547e-02 2.762167e-07 1.486887e-07 1.017689e-07 6.477306e-08 2.714629e-08 -5.296506e-07
2.716049e-02 2.634056e-07 1.393223e-07 9.332532e-08 5.665490e-08 1.838538e-08 -1.739684e-06
2.763361e-02 2.511886e-07 1.304452e-07 8.532503e-08 4.890645e-08 9.220845e-09 -5.117305e-06
2.811497e-02 2.395383e-07 1.220326e-07 7.774267e-08 4.149393e-08 -2.814470e-09 -1.307408e-05
2.860471e-02 2.284283e-07 1.140609e-07 7.055382e-08 3.438235e-08 -2.944428e-08 -2.759629e-05
2.910299e-02 2.178337e-07 1.065077e-07 6.373487e-08 2.753481e-08 -1.222555e-07 -4.302786e-05
2.960994e-02 2.077304e-07 9.935176e-08 5.726293e-08 2.091154e-08 -4.854171e-07 -3.025040e-05
3.012573e-02 1.980957e-07 9.257264e-08 5.111569e-08 1.446828e-08 -1.829150e-06 7.162320e-05
3.065050e-02 1.889078e-07 8.615098e-08 4.527127e-08 8.151104e-09 -6.252266e-06 2.883666e-04
3.118441e-02 1.801462e-07 8.006828e-08 3.970812e-08 1.866533e-09 -1.867277e-05 3.752834e-04
3.172763e-02 1.717908e-07 7.430692e-08 3.440482e-08 -4.719894e-09 -4.649156e-05 -4.232253e-04
3.228030e-02 1.638230e-07 6.885009e-08 2.933987e-08 -1.348219e-08 -8.762081e-05 -2.661578e-03
3.284260e-02 1.562248e-07 6.368173e-08 2.449145e-08 -3.548522e-08 -8.642724e-05 -3.799875e-03
3.341470e-02 1.489790e-07 5.878653e-08 1.983713e-08 -1.314933e-07 1.412908e-04 3.979626e-03
3.399676e-02 1.420692e-07 5.414984e-08 1.535349e-08 -6.017568e-07 8.562371e-04 2.280911e-02
3.458897e-02 1.354799e-07 4.975767e-08 1.101566e-08 -2.755478e-06 1.720236e-03 1.903508e-02
3.519148e-02 1.291963e-07 4.559663e-08 6.796727e-09 -1.150466e-05 1.632029e-04 -6.864016e-02
3.580450e-02 1.232041e-07 4.165387e-08 2.666948e-09 -4.200048e-05 -8.637423e-03 -1.685229e-01
3.642819e-02 1.174898e-07 3.791708e-08 -1.407232e-09 -1.286764e-04 -2.134230e-02 8.721381e-02
3.706275e-02 1.120405e-07 3.437443e-08 -5.464645e-09 -3.061271e-04 -2.253256e-03 7.750855e-01
3.770836e-02 1.068440e-07 3.101452e-08 -9.552795e-09 -4.404034e-04 1.038111e-01 3.344572e-01
3.836521e-02 1.018885e-07 2.782635e-08 -1.375054e-08 3.039845e-04 2.003288e-01 -2.846589e+00
3.903351e-02 9.716280e-08 2.479927e-08 -1.839541e-08 4.063404e-03 -1.858327e-01 -3.141536e+00
3.971345e-02 9.265631e-08 2.192296e-08 -2.627450e-08 1.191625e-02 -1.265596e+00 9.517396e+00
4.040523e-02 8.835884e-08 1.918730e-08 -6.141816e-08 1.107500e-02 -7.904670e-01 1.601792e+01
4.110906e-02 8.426069e-08 1.658243e-08 -3.104160e-07 -4.558239e-02 5.154069e+00 -3.180166e+01
4.182516e-02 8.035261e-08 1.409860e-08 -2.043435e-06 -1.971293e-01 9.145493e+00 -6.659603e+01
4.255373e-02 7.662580e-08 1.172613e-08 -1.273135e-05 -2.071091e-01 -1.595847e+01 1.137673e+02
4.329498e-02 7.307183e-08 9.455351e-09 -6.958277e-05 7.604190e-01 -5.478195e+01 2.428312e+02
4.404916e-02 6.968270e-08 7.276485e-09 -3.238749e-04 2.897029e+00 3.813629e+01 -4.457556e+02
4.481646e-02 6.645077e-08 5.179560e-09 -1.237983e-03 9.592703e-01 2.679354e+02 -7.427448e+02
4.559714e-02 6.336873e-08 3.154294e-09 -3.602600e-03 -1.570781e+01 -6.541959e+01 1.872475e+03
4.639141e-02 6.042964e-08 1.189932e-09 -6.211591e-03 -3.044941e+01 -1.202384e+03 1.155584e+03
4.719952e-02 5.762687e-08 -7.249414e-10 5.223095e-03 4.824905e+01 9.840640e+01 -8.670491e+03
4.802171e-02 5.495409e-08 -2.602633e-09 7.956773e-02 2.345413e+02 5.189757e+03 1.139587e+04
4.885821e-02 5.240527e-08 -4.456546e-09 2.659207e-01 -1.275031e+01 -8.950519e+02 5.551133e+04
4.970929e-02 4.997468e-08 -6.301515e-09 2.702602e-01 -1.309839e+03 -2.184620e+04 -2.043846e+05
5.057520e-02 4.765681e-08 -8.154371e-09 -1.330287e+00 -1.001470e+03 1.262379e+04 -5.896496e+05
5.145619e-02 4.544645e-08 -1.003441e-08 -6.191945e+00 6.329952e+03 9.012580e+04 2.429424e+06
5.235252e-02 4.333861e-08 -1.196391e-08 -6.638407e+00 8.771347e+03 -1.358530e+05 7.878775e+06
5.326447e-02 4.132853e-08 -1.396919e-08 3.020773e+01 -2.906016e+04 -3.864553e+05 -2.509022e+07
5.419230e-02 3.941168e-08 -1.608155e-08 1.177126e+02 -5.333096e+04 1.280406e+06 -1.024236e+08
5.513630e-02 3.758374e-08 -1.833854e-08 2.998668e+01 1.364397e+05 2.145020e+06 2.307279e+08
5.609674e-02 3.584058e-08 -2.078729e-08 -7.541985e+02 2.679351e+05 -1.141329e+07 1.204609e+09
5.707391e-02 3.417826e-08 -2.452386e-08 -1.487387e+03 -6.918041e+05 -1.849176e+07 -1.861530e+09
5.806810e-02 3.259305e-08 -9.270218e-08 2.598163e+03 -1.115399e+06 9.783216e+07 -1.269033e+10
5.907961e-02 3.108136e-08 -1.973696e-06 1.297181e+04 3.855537e+06 1.977958e+08 1.275385e+10
6.010874e-02 2.963978e-08 -3.468209e-05 2.723218e+02 3.238426e+06 -7.955484e+08 1.199798e+11
6.115579e-02 2.826507e-08 -4.153369e-04 -7.685148e+04 -2.314251e+07 -2.053396e+09 -6.894867e+10
6.222109e-02 2.695411e-08 -3.485127e-03 -7.810471e+04 1.681903e+06 6.007113e+09 -1.020601e+12
6.330494e-02 2.570396e-08 -2.043642e-02 3.634846e+05 1.441780e+08 1.911262e+10 2.236548e+11
6.440767e-02 2.451179e-08 -7.835335e-02 7.135411e+05 -1.233519e+08 -4.132034e+10 7.821671e+12
6.552961e-02 2.337491e-08 -1.409119e-01 -1.444392e+06 -9.001133e+08 -1.574639e+11 6.499009e+11
6.667110e-02 2.229077e-08 3.182134e-01 -4.593014e+06 1.244629e+09 2.548997e+11 -5.401096e+13
6.783246e-02 2.125690e-08 2.766686e+00 4.832699e+06 5.474617e+09 1.150018e+12 -1.869303e+13
6.901406e-02 2.027099e-08 6.059068e+00 2.491940e+07 -9.026261e+09 -1.389752e+12 3.357195e+14
7.021624e-02 1.933081e-08 -7.035284e+00 -1.273663e+07 -3.171941e+10 -7.465441e+12 1.946667e+14
7.143937e-02 1.843423e-08 -6.560562e+01 -1.207496e+08 5.413634e+10 6.579281e+12 -1.874686e+15
7.268379e-02 1.757924e-08 -8.948161e+01 1.798174e+07 1.719071e+11 4.313029e+13 -1.484676e+15
7.394990e-02 1.676390e-08 2.686890e+02 5.341019e+08 -2.791366e+11 -2.629430e+13 9.376632e+15
7.523806e-02 1.598638e-08 9.844847e+02 6.467034e+07 -8.584929e+11 -2.216592e+14 9.270732e+15
7.654866e-02 1.524491e-08 -1.018798e+02 -2.167794e+09 1.251707e+12 8.365869e+13 -4.183582e+16
7.788209e-02 1.453784e-08 -5.232860e+03 -7.320748e+08 3.900938e+12 1.011217e+15 -4.918836e+16
7.923875e-02 1.386357e-08 -5.274925e+03 8.042705e+09 -4.882115e+12 -1.765601e+14 1.655930e+17
8.061903e-02 1.322056e-08 1.812898e+04 4.194095e+09 -1.595015e+13 -4.079501e+15 2.250040e+17
8.202337e-02 1.260738e-08 3.714793e+04 -2.702995e+10 1.644548e+13 -2.262132e+13 -5.771973e+17
8.345216e-02 1.202264e-08 -4.133853e+04 -1.850576e+10 5.806829e+13 1.447096e+16 -8.913882e+17
8.490585e-02 1.146502e-08 -1.587588e+05 8.127229e+10 -4.715045e+13 2.430690e+15 1.753963e+18
8.638485e-02 1.093327e-08 4.315365e+04 6.789784e+10 -1.861574e+14 -4.477002e+16 3.053913e+18
8.788962e-02 1.042617e-08 5.043512e+05 -2.152474e+11 1.120615e+14 -1.417945e+16 -4.580542e+18
8.942060e-02 9.942601e-09 1.082775e+05 -2.110620e+11 5.187702e+14 1.194135e+17 -8.990622e+18
9.097825e-02 9.481455e-09 -1.262186e+06 4.922273e+11 -2.094456e+14 5.440339e+16 1.006011e+19
9.256304e-02 9.041698e-09 -7.120467e+05 5.548216e+11 -1.235818e+15 -2.699611e+17 2.247589e+19
9.417543e-02 8.622337e-09 2.519922e+06 -9.450556e+11 2.677080e+14 -1.589874e+17 -1.791596e+19
9.581590e-02 8.222426e-09 2.149038e+06 -1.215355e+12 2.456679e+15 5.035965e+17 -4.677759e+19
9.748495e-02 7.841064e-09 -3.934525e+06 1.455586e+12 -9.079389e+13 3.641912e+17 2.403233e+19
9.918308e-02 7.477389e-09 -4.427315e+06 2.153720e+12 -3.917448e+15 -7.391024e+17 7.832179e+19
1.009108e-01 7.130582e-09 4.469655e+06 -1.637817e+12 -5.636931e+14 -6.441990e+17 -1.949449e+19
1.026686e-01 6.799860e-09 6.456190e+06 -2.911231e+12 4.631806e+15 7.674847e+17 -9.857386e+19
1.044570e-01 6.484478e-09 -2.836225e+06 9.825393e+11 1.619980e+15 8.260322e+17 -2.905280e+18
1.062766e-01 6.183723e-09 -5.990886e+06 2.586493e+12 -3.218482e+15 -3.728645e+17 7.744895e+19
1.081279e-01 5.896917e-09 -9.522192e+05 5.180809e+11 -2.254821e+15 -6.230624e+17 3.385221e+19
