1.035142e+06 1.042116e+01 1.759663e+01 1.910486e+01 1.952816e+01 1.982266e+01 2.012348e+01
1.071519e+06 1.036394e+01 1.720048e+01 1.856733e+01 1.895481e+01 1.922983e+01 1.951933e+01
1.109175e+06 1.029138e+01 1.681615e+01 1.804582e+01 1.839440e+01 1.865470e+01 1.893320e+01
1.148154e+06 1.022098e+01 1.644326e+01 1.752744e+01 1.785072e+01 1.809623e+01 1.836454e+01
1.188502e+06 1.015268e+01 1.603545e+01 1.702453e+01 1.732051e+01 1.755410e+01 1.781286e+01
1.230269e+06 1.007002e+01 1.563980e+01 1.653662e+01 1.680612e+01 1.702804e+01 1.727765e+01
1.273503e+06 9.989814e+00 1.525593e+01 1.605535e+01 1.630559e+01 1.651757e+01 1.675843e+01
1.318257e+06 9.896346e+00 1.488350e+01 1.558844e+01 1.581898e+01 1.602226e+01 1.625472e+01
1.364583e+06 9.805661e+00 1.449219e+01 1.513063e+01 1.534689e+01 1.554168e+01 1.576606e+01
1.412538e+06 9.702798e+00 1.411254e+01 1.468647e+01 1.488824e+01 1.507541e+01 1.529200e+01
1.462177e+06 9.602998e+00 1.374420e+01 1.425556e+01 1.444329e+01 1.462304e+01 1.483212e+01
1.513561e+06 9.492147e+00 1.338684e+01 1.383440e+01 1.401122e+01 1.418415e+01 1.438598e+01
1.566751e+06 9.384595e+00 1.302087e+01 1.342580e+01 1.359178e+01 1.375837e+01 1.395318e+01
1.621810e+06 9.267078e+00 1.266581e+01 1.302732e+01 1.318478e+01 1.334529e+01 1.353333e+01
1.678804e+06 9.153059e+00 1.232134e+01 1.264074e+01 1.278983e+01 1.294455e+01 1.312603e+01
1.737801e+06 9.030083e+00 1.197480e+01 1.226457e+01 1.240661e+01 1.255578e+01 1.273091e+01
1.798871e+06 8.910767e+00 1.163858e+01 1.189886e+01 1.203479e+01 1.217862e+01 1.234760e+01
1.862087e+06 8.783429e+00 1.131239e+01 1.154406e+01 1.167403e+01 1.181273e+01 1.197577e+01
1.927525e+06 8.649122e+00 1.098800e+01 1.119936e+01 1.132402e+01 1.145777e+01 1.161505e+01
1.995262e+06 8.518813e+00 1.067327e+01 1.086495e+01 1.098444e+01 1.111343e+01 1.126513e+01
2.065380e+06 8.382362e+00 1.036793e+01 1.054022e+01 1.065499e+01 1.077937e+01 1.092567e+01
2.137962e+06 8.249973e+00 1.006665e+01 1.022499e+01 1.033538e+01 1.045530e+01 1.059637e+01
2.213095e+06 8.121525e+00 9.774351e+00 9.919097e+00 1.002530e+01 1.014092e+01 1.027693e+01
2.290868e+06 7.996902e+00 9.487685e+00 9.622267e+00 9.724484e+00 9.835930e+00 9.967044e+00
2.371374e+06 7.835786e+00 9.209566e+00 9.334244e+00 9.432650e+00 9.540063e+00 9.666433e+00
2.454709e+06 7.679466e+00 8.937752e+00 9.054779e+00 9.149531e+00 9.253043e+00 9.374821e+00
2.540973e+06 7.527800e+00 8.674043e+00 8.783628e+00 8.874870e+00 8.974605e+00 9.091938e+00
2.630268e+06 7.380649e+00 8.416882e+00 8.520551e+00 8.608414e+00 8.704493e+00 8.817524e+00
2.722701e+06 7.237879e+00 8.167389e+00 8.265314e+00 8.349918e+00 8.442459e+00 8.551325e+00
2.818383e+06 7.099359e+00 7.924623e+00 8.017686e+00 8.099145e+00 8.188263e+00 8.293098e+00
2.917427e+06 6.937967e+00 7.689096e+00 7.777444e+00 7.855865e+00 7.941670e+00 8.042603e+00
3.019952e+06 6.781380e+00 7.460103e+00 7.544370e+00 7.619856e+00 7.702453e+00 7.799610e+00
3.126079e+06 6.629454e+00 7.237938e+00 7.318252e+00 7.390899e+00 7.470393e+00 7.563896e+00
3.235937e+06 6.482051e+00 7.022092e+00 7.098882e+00 7.168784e+00 7.245276e+00 7.335242e+00
3.349654e+06 6.339035e+00 6.812494e+00 6.886061e+00 6.953309e+00 7.026895e+00 7.113439e+00
3.467369e+06 6.182449e+00 6.609146e+00 6.679594e+00 6.744274e+00 6.815048e+00 6.898281e+00
3.589219e+06 6.030524e+00 6.411737e+00 6.479292e+00 6.541487e+00 6.609541e+00 6.689570e+00
3.715352e+06 5.883122e+00 6.220158e+00 6.284971e+00 6.344763e+00 6.410185e+00 6.487114e+00
3.845918e+06 5.740108e+00 6.034254e+00 6.096453e+00 6.153920e+00 6.216797e+00 6.290726e+00
3.981072e+06 5.589738e+00 5.853866e+00 5.913565e+00 5.968784e+00 6.029197e+00 6.100225e+00
4.120975e+06 5.443844e+00 5.678838e+00 5.736139e+00 5.789183e+00 5.847213e+00 5.915434e+00
4.265795e+06 5.302293e+00 5.509015e+00 5.564012e+00 5.614952e+00 5.670679e+00 5.736184e+00
4.415704e+06 5.157498e+00 5.344248e+00 5.397026e+00 5.445933e+00 5.499430e+00 5.562308e+00
4.570882e+06 5.017014e+00 5.184388e+00 5.235029e+00 5.281968e+00 5.333310e+00 5.393647e+00
4.731513e+06 4.880712e+00 5.029292e+00 5.077871e+00 5.122907e+00 5.172165e+00 5.230043e+00
4.897788e+06 4.748468e+00 4.878820e+00 4.925409e+00 4.968605e+00 5.015846e+00 5.071347e+00
5.069907e+06 4.615382e+00 4.732835e+00 4.777501e+00 4.818919e+00 4.864211e+00 4.917411e+00
5.248075e+06 4.486259e+00 4.591204e+00 4.634013e+00 4.673711e+00 4.717118e+00 4.768093e+00
5.432503e+06 4.360979e+00 4.453798e+00 4.494812e+00 4.532847e+00 4.574432e+00 4.623258e+00
5.623413e+06 4.236361e+00 4.320491e+00 4.359771e+00 4.396199e+00 4.436022e+00 4.482770e+00
5.821032e+06 4.115452e+00 4.191161e+00 4.228766e+00 4.263640e+00 4.301760e+00 4.346501e+00
6.025596e+06 3.996189e+00 4.065690e+00 4.101676e+00 4.135049e+00 4.171522e+00 4.214325e+00
6.237348e+06 3.880476e+00 3.943963e+00 3.978384e+00 4.010306e+00 4.045188e+00 4.086118e+00
6.456542e+06 3.768208e+00 3.825869e+00 3.858778e+00 3.889297e+00 3.922641e+00 3.961762e+00
6.683439e+06 3.658090e+00 3.711299e+00 3.742747e+00 3.771911e+00 3.803768e+00 3.841143e+00
6.918310e+06 3.551249e+00 3.600148e+00 3.630185e+00 3.658040e+00 3.688460e+00 3.724148e+00
7.161434e+06 3.446821e+00 3.492314e+00 3.520988e+00 3.547578e+00 3.576609e+00 3.610669e+00
7.413102e+06 3.345501e+00 3.387699e+00 3.415057e+00 3.440424e+00 3.468113e+00 3.500602e+00
7.673615e+06 3.246688e+00 3.286207e+00 3.312292e+00 3.336479e+00 3.362872e+00 3.393843e+00
7.943282e+06 3.150817e+00 3.187744e+00 3.212601e+00 3.235647e+00 3.260787e+00 3.290295e+00
8.222426e+06 3.057524e+00 3.092220e+00 3.115891e+00 3.137836e+00 3.161766e+00 3.189861e+00
8.511380e+06 2.967009e+00 2.999548e+00 3.022074e+00 3.042955e+00 3.065718e+00 3.092448e+00
8.810489e+06 2.878998e+00 2.909643e+00 2.931063e+00 2.950917e+00 2.972553e+00 2.997966e+00
9.120108e+06 2.793490e+00 2.822422e+00 2.842774e+00 2.861637e+00 2.882185e+00 2.906328e+00
9.440609e+06 2.710526e+00 2.737805e+00 2.757126e+00 2.775032e+00 2.794532e+00 2.817447e+00
9.772372e+06 2.629959e+00 2.655714e+00 2.674041e+00 2.691023e+00 2.709511e+00 2.731242e+00
1.011579e+07 2.551742e+00 2.576075e+00 2.593442e+00 2.609531e+00 2.627044e+00 2.647633e+00
1.047129e+07 2.475841e+00 2.498814e+00 2.515255e+00 2.530483e+00 2.547055e+00 2.566541e+00
1.083927e+07 2.402181e+00 2.423860e+00 2.439408e+00 2.453805e+00 2.469469e+00 2.487893e+00
1.122018e+07 2.330701e+00 2.351145e+00 2.365831e+00 2.379426e+00 2.394216e+00 2.411613e+00
1.161449e+07 2.261340e+00 2.280601e+00 2.294456e+00 2.307277e+00 2.321224e+00 2.337633e+00
1.202264e+07 2.194036e+00 2.212165e+00 2.225217e+00 2.237292e+00 2.250428e+00 2.265882e+00
1.244515e+07 2.128731e+00 2.145772e+00 2.158052e+00 2.169406e+00 2.181760e+00 2.196295e+00
1.288250e+07 2.065367e+00 2.081363e+00 2.092897e+00 2.103556e+00 2.115157e+00 2.128806e+00
1.333521e+07 2.003887e+00 2.018878e+00 2.029694e+00 2.039683e+00 2.050558e+00 2.063353e+00
1.380384e+07 1.944235e+00 1.958260e+00 1.968383e+00 1.977727e+00 1.987902e+00 1.999874e+00
1.428894e+07 1.886359e+00 1.899453e+00 1.908908e+00 1.917630e+00 1.927132e+00 1.938311e+00
1.479108e+07 1.830204e+00 1.842403e+00 1.851215e+00 1.859339e+00 1.868192e+00 1.878606e+00
1.531087e+07 1.775721e+00 1.787058e+00 1.795249e+00 1.802797e+00 1.811025e+00 1.820704e+00
1.584893e+07 1.722859e+00 1.733366e+00 1.740961e+00 1.747954e+00 1.755580e+00 1.764550e+00
1.640590e+07 1.671571e+00 1.681279e+00 1.688299e+00 1.694758e+00 1.701805e+00 1.710093e+00
1.698244e+07 1.621810e+00 1.630749e+00 1.637215e+00 1.643161e+00 1.649649e+00 1.657281e+00
1.757924e+07 1.573530e+00 1.581729e+00 1.587662e+00 1.593114e+00 1.599065e+00 1.606065e+00
1.819701e+07 1.526687e+00 1.534175e+00 1.539594e+00 1.544571e+00 1.550006e+00 1.556397e+00
1.883649e+07 1.481238e+00 1.488042e+00 1.492967e+00 1.497487e+00 1.502425e+00 1.508232e+00
1.949845e+07 1.437143e+00 1.443288e+00 1.447738e+00 1.451819e+00 1.456279e+00 1.461523e+00
2.018366e+07 1.394360e+00 1.399872e+00 1.403865e+00 1.407524e+00 1.411524e+00 1.416228e+00
2.089296e+07 1.352851e+00 1.357754e+00 1.361307e+00 1.364561e+00 1.368120e+00 1.372303e+00
2.162719e+07 1.312578e+00 1.316896e+00 1.320026e+00 1.322891e+00 1.326025e+00 1.329709e+00
2.238721e+07 1.273503e+00 1.277259e+00 1.279982e+00 1.282474e+00 1.285200e+00 1.288404e+00
2.317395e+07 1.235592e+00 1.238808e+00 1.241140e+00 1.243273e+00 1.245607e+00 1.248351e+00
2.398833e+07 1.198809e+00 1.201507e+00 1.203463e+00 1.205252e+00 1.207210e+00 1.209511e+00
2.483133e+07 1.163121e+00 1.165322e+00 1.166917e+00 1.168376e+00 1.169973e+00 1.171849e+00
2.570396e+07 1.128496e+00 1.130219e+00 1.131467e+00 1.132610e+00 1.133860e+00 1.135329e+00
2.660725e+07 1.094901e+00 1.096166e+00 1.097083e+00 1.097921e+00 1.098839e+00 1.099917e+00
2.754229e+07 1.062307e+00 1.063132e+00 1.063730e+00 1.064277e+00 1.064876e+00 1.065579e+00
2.851018e+07 1.030683e+00 1.031087e+00 1.031379e+00 1.031647e+00 1.031940e+00 1.032284e+00
2.951209e+07 1.000000e+00 1.000000e+00 1.000000e+00 1.000000e+00 1.000000e+00 1.000000e+00
3.054921e+07 9.702307e-01 9.698437e-01 9.695634e-01 9.693068e-01 9.690262e-01 9.686966e-01
3.162278e+07 9.413476e-01 9.405900e-01 9.400413e-01 9.395390e-01 9.389896e-01 9.383444e-01
3.273407e+07 9.133243e-01 9.122119e-01 9.114064e-01 9.106688e-01 9.098622e-01 9.089150e-01
3.388442e+07 8.861352e-01 8.846833e-01 8.836321e-01 8.826694e-01 8.816166e-01 8.803807e-01
3.507519e+07 8.597556e-01 8.579788e-01 8.566926e-01 8.555147e-01 8.542266e-01 8.527146e-01
3.630781e+07 8.341612e-01 8.320739e-01 8.305631e-01 8.291794e-01 8.276663e-01 8.258905e-01
3.758374e+07 8.093288e-01 8.069446e-01 8.052194e-01 8.036389e-01 8.019110e-01 7.998833e-01
3.890451e+07 7.852356e-01 7.825679e-01 7.806379e-01 7.788696e-01 7.769365e-01 7.746684e-01
4.027170e+07 7.618597e-01 7.589213e-01 7.567958e-01 7.548482e-01 7.527193e-01 7.502220e-01
4.168694e+07 7.391796e-01 7.359829e-01 7.336711e-01 7.315525e-01 7.292368e-01 7.265209e-01
4.315191e+07 7.171748e-01 7.137317e-01 7.112422e-01 7.089606e-01 7.064670e-01 7.035429e-01
4.466836e+07 6.958250e-01 6.921471e-01 6.894885e-01 6.870515e-01 6.843884e-01 6.812662e-01
4.623810e+07 6.751107e-01 6.712091e-01 6.683896e-01 6.658047e-01 6.629803e-01 6.596697e-01
4.786301e+07 6.550131e-01 6.508986e-01 6.479260e-01 6.452004e-01 6.422225e-01 6.387331e-01
4.954502e+07 6.355138e-01 6.311968e-01 6.280787e-01 6.252194e-01 6.220957e-01 6.184364e-01
5.128614e+07 6.165950e-01 6.120855e-01 6.088293e-01 6.058429e-01 6.025808e-01 5.987605e-01
5.308844e+07 5.982394e-01 5.935470e-01 5.901598e-01 5.870528e-01 5.836594e-01 5.796865e-01
5.495409e+07 5.804302e-01 5.755642e-01 5.720530e-01 5.688316e-01 5.653138e-01 5.611963e-01
5.688529e+07 5.631512e-01 5.581206e-01 5.544919e-01 5.511622e-01 5.475266e-01 5.432722e-01
5.888437e+07 5.463865e-01 5.412001e-01 5.374603e-01 5.340281e-01 5.302811e-01 5.258972e-01
6.095369e+07 5.301210e-01 5.247870e-01 5.209423e-01 5.174132e-01 5.135610e-01 5.090547e-01
6.309573e+07 5.143396e-01 5.088661e-01 5.049226e-01 5.013020e-01 4.973505e-01 4.927287e-01
6.531306e+07 4.990281e-01 4.934227e-01 4.893861e-01 4.856793e-01 4.816344e-01 4.769035e-01
6.760830e+07 4.841724e-01 4.784427e-01 4.743186e-01 4.705304e-01 4.663977e-01 4.615641e-01
6.998420e+07 4.697589e-01 4.639123e-01 4.597058e-01 4.558413e-01 4.516262e-01 4.466956e-01
7.244360e+07 4.557745e-01 4.498181e-01 4.455342e-01 4.415981e-01 4.373056e-01 4.322838e-01
7.498942e+07 4.422064e-01 4.361470e-01 4.317906e-01 4.277873e-01 4.234227e-01 4.183144e-01
7.762471e+07 4.290422e-01 4.228864e-01 4.184622e-01 4.143961e-01 4.099641e-01 4.047750e-01
8.035261e+07 4.162699e-01 4.100241e-01 4.055365e-01 4.014118e-01 3.969172e-01 3.916529e-01
8.317638e+07 4.038778e-01 3.975481e-01 3.930014e-01 3.888223e-01 3.842695e-01 3.789355e-01
8.609938e+07 3.918546e-01 3.854468e-01 3.808454e-01 3.766156e-01 3.720088e-01 3.666107e-01
8.912509e+07 3.801894e-01 3.737092e-01 3.690569e-01 3.647804e-01 3.601236e-01 3.546665e-01
9.225714e+07 3.688714e-01 3.623243e-01 3.576251e-01 3.533053e-01 3.486026e-01 3.430915e-01
9.549926e+07 3.578904e-01 3.512815e-01 3.465391e-01 3.421797e-01 3.374346e-01 3.318744e-01
9.885531e+07 3.472362e-01 3.405707e-01 3.357887e-01 3.313930e-01 3.266091e-01 3.210044e-01
1.023293e+08 3.368992e-01 3.301820e-01 3.253638e-01 3.209350e-01 3.161158e-01 3.104710e-01
1.059254e+08 3.268700e-01 3.201056e-01 3.152546e-01 3.107959e-01 3.059445e-01 3.002639e-01
1.096478e+08 3.171393e-01 3.103323e-01 3.054517e-01 3.009661e-01 2.960856e-01 2.903734e-01
1.135011e+08 3.076982e-01 3.008530e-01 2.959459e-01 2.914362e-01 2.865296e-01 2.807897e-01
1.174898e+08 2.985383e-01 2.916589e-01 2.867282e-01 2.821974e-01 2.772673e-01 2.715035e-01
1.216186e+08 2.896510e-01 2.827415e-01 2.777901e-01 2.732408e-01 2.682897e-01 2.625058e-01
1.258925e+08 2.810283e-01 2.740925e-01 2.691231e-01 2.645579e-01 2.595888e-01 2.537874e-01
1.303167e+08 2.726622e-01 2.657039e-01 2.607191e-01 2.561406e-01 2.511564e-01 2.453405e-01
1.348963e+08 2.645453e-01 2.575678e-01 2.525703e-01 2.479808e-01 2.429843e-01 2.371571e-01
1.396368e+08 2.566699e-01 2.496768e-01 2.446689e-01 2.400707e-01 2.350646e-01 2.292292e-01
1.445440e+08 2.490290e-01 2.420236e-01 2.370076e-01 2.324028e-01 2.273896e-01 2.215490e-01
1.496236e+08 2.416156e-01 2.346009e-01 2.295791e-01 2.249697e-01 2.199520e-01 2.141089e-01
1.548817e+08 2.344229e-01 2.274019e-01 2.223764e-01 2.177645e-01 2.127446e-01 2.069017e-01
1.603245e+08 2.274443e-01 2.204199e-01 2.153929e-01 2.107802e-01 2.057603e-01 1.999203e-01
1.659587e+08 2.206734e-01 2.136484e-01 2.086218e-01 2.040101e-01 1.989925e-01 1.931577e-01
1.717908e+08 2.141041e-01 2.070811e-01 2.020568e-01 1.974478e-01 1.924346e-01 1.866070e-01
1.778279e+08 2.077304e-01 2.007119e-01 1.956917e-01 1.910870e-01 1.860801e-01 1.802622e-01
1.840772e+08 2.015464e-01 1.945348e-01 1.895206e-01 1.849216e-01 1.799229e-01 1.741172e-01
1.905461e+08 1.955465e-01 1.885442e-01 1.835376e-01 1.789457e-01 1.739570e-01 1.681660e-01
1.972423e+08 1.897252e-01 1.827344e-01 1.777370e-01 1.731535e-01 1.681765e-01 1.624025e-01
2.041738e+08 1.840772e-01 1.771000e-01 1.721134e-01 1.675397e-01 1.625761e-01 1.568211e-01
2.113489e+08 1.785973e-01 1.716358e-01 1.666614e-01 1.620990e-01 1.571505e-01 1.514162e-01
2.187762e+08 1.732806e-01 1.663367e-01 1.613759e-01 1.568263e-01 1.518944e-01 1.461824e-01
2.264644e+08 1.681222e-01 1.611977e-01 1.562519e-01 1.517164e-01 1.468024e-01 1.411141e-01
2.344229e+08 1.631173e-01 1.562140e-01 1.512845e-01 1.467644e-01 1.418698e-01 1.362068e-01
2.426610e+08 1.582614e-01 1.513809e-01 1.464691e-01 1.419655e-01 1.370915e-01 1.314556e-01
2.511886e+08 1.535501e-01 1.466941e-01 1.418009e-01 1.373151e-01 1.324629e-01 1.268557e-01
2.600160e+08 1.489790e-01 1.421490e-01 1.372757e-01 1.328087e-01 1.279795e-01 1.224025e-01
2.691535e+08 1.445440e-01 1.377415e-01 1.328889e-01 1.284419e-01 1.236367e-01 1.180915e-01
2.786121e+08 1.402410e-01 1.334673e-01 1.286366e-01 1.242105e-01 1.194302e-01 1.139181e-01
2.884032e+08 1.360661e-01 1.293226e-01 1.245146e-01 1.201103e-01 1.153563e-01 1.098784e-01
2.985383e+08 1.320155e-01 1.253034e-01 1.205190e-01 1.161374e-01 1.114108e-01 1.059684e-01
3.090295e+08 1.280855e-01 1.214060e-01 1.166460e-01 1.122879e-01 1.075899e-01 1.021841e-01
3.198895e+08 1.242725e-01 1.176267e-01 1.128919e-01 1.085581e-01 1.038896e-01 9.852149e-02
3.311311e+08 1.205730e-01 1.139619e-01 1.092530e-01 1.049444e-01 1.003064e-01 9.497706e-02
3.427678e+08 1.169836e-01 1.104083e-01 1.057259e-01 1.014434e-01 9.683660e-02 9.154727e-02
3.548134e+08 1.135011e-01 1.069625e-01 1.023072e-01 9.805175e-02 9.347675e-02 8.822859e-02
3.672823e+08 1.101222e-01 1.036213e-01 9.899376e-02 9.476604e-02 9.022345e-02 8.501756e-02
3.801894e+08 1.068440e-01 1.003815e-01 9.578242e-02 9.158306e-02 8.707367e-02 8.191076e-02
3.935501e+08 1.036633e-01 9.724013e-02 9.267014e-02 8.849970e-02 8.402424e-02 7.890515e-02
4.073803e+08 1.005773e-01 9.419418e-02 8.965393e-02 8.551291e-02 8.107206e-02 7.599767e-02
4.216965e+08 9.758319e-02 9.124080e-02 8.673087e-02 8.261973e-02 7.821414e-02 7.318522e-02
4.365158e+08 9.467820e-02 8.837722e-02 8.389816e-02 7.981733e-02 7.544756e-02 7.046500e-02
4.518559e+08 9.185970e-02 8.560073e-02 8.115304e-02 7.710291e-02 7.276972e-02 6.783423e-02
4.677351e+08 8.912509e-02 8.290874e-02 7.849287e-02 7.447390e-02 7.017787e-02 6.529005e-02
4.841724e+08 8.647190e-02 8.029869e-02 7.591508e-02 7.192777e-02 6.766937e-02 6.282993e-02
5.011872e+08 8.389769e-02 7.776813e-02 7.341716e-02 6.946197e-02 6.524164e-02 6.045132e-02
5.188000e+08 8.140011e-02 7.531466e-02 7.099669e-02 6.707404e-02 6.289217e-02 5.815169e-02
5.370318e+08 7.897688e-02 7.293599e-02 6.865132e-02 6.476161e-02 6.061872e-02 5.592854e-02
5.559043e+08 7.662580e-02 7.062985e-02 6.637878e-02 6.252235e-02 5.841892e-02 5.377938e-02
5.754399e+08 7.434470e-02 6.839407e-02 6.417683e-02 6.035403e-02 5.629050e-02 5.170213e-02
5.956621e+08 7.213151e-02 6.622654e-02 6.204334e-02 5.825456e-02 5.423125e-02 4.969468e-02
6.165950e+08 6.998420e-02 6.412520e-02 5.997626e-02 5.622187e-02 5.223915e-02 4.775481e-02
6.382635e+08 6.790082e-02 6.208806e-02 5.797367e-02 5.425392e-02 5.031213e-02 4.588034e-02
6.606934e+08 6.587946e-02 6.011320e-02 5.603361e-02 5.234872e-02 4.844816e-02 4.406940e-02
6.839116e+08 6.391827e-02 5.819874e-02 5.415417e-02 5.050434e-02 4.664527e-02 4.232009e-02
7.079458e+08 6.201546e-02 5.634284e-02 5.233351e-02 4.871889e-02 4.490170e-02 4.063049e-02
7.328245e+08 6.016931e-02 5.454375e-02 5.056983e-02 4.699066e-02 4.321559e-02 3.899870e-02
7.585776e+08 5.837811e-02 5.279975e-02 4.886140e-02 4.531791e-02 4.158515e-02 3.742285e-02
7.852356e+08 5.664023e-02 5.110917e-02 4.720653e-02 4.369894e-02 4.000875e-02 3.590132e-02
8.128305e+08 5.495409e-02 4.947041e-02 4.560359e-02 4.213208e-02 3.848470e-02 3.443247e-02
8.413951e+08 5.331814e-02 4.788190e-02 4.405102e-02 4.061572e-02 3.701136e-02 3.301459e-02
8.709636e+08 5.173090e-02 4.634212e-02 4.254736e-02 3.914838e-02 3.558715e-02 3.164619e-02
9.015711e+08 5.019090e-02 4.484960e-02 4.109110e-02 3.772856e-02 3.421069e-02 3.032575e-02
9.332543e+08 4.869675e-02 4.340291e-02 3.968080e-02 3.635480e-02 3.288051e-02 2.905173e-02
9.660509e+08 4.724708e-02 4.200066e-02 3.831505e-02 3.502567e-02 3.159514e-02 2.782274e-02
1.000000e+09 4.584057e-02 4.064154e-02 3.699250e-02 3.373985e-02 3.035319e-02 2.663742e-02
1.035142e+09 4.447593e-02 3.932430e-02 3.571181e-02 3.249601e-02 2.915328e-02 2.549435e-02
1.071519e+09 4.315143e-02 3.804767e-02 3.447170e-02 3.129286e-02 2.799424e-02 2.439227e-02
1.109175e+09 4.186636e-02 3.681042e-02 3.327095e-02 3.012913e-02 2.687477e-02 2.332990e-02
1.148154e+09 4.061954e-02 3.561136e-02 3.210842e-02 2.900365e-02 2.579364e-02 2.230598e-02
1.188502e+09 3.940984e-02 3.444934e-02 3.098291e-02 2.791525e-02 2.474963e-02 2.131934e-02
1.230269e+09 3.823613e-02 3.332323e-02 2.989331e-02 2.686278e-02 2.374168e-02 2.036881e-02
1.273503e+09 3.709737e-02 3.223195e-02 2.883849e-02 2.584515e-02 2.276866e-02 1.945327e-02
1.318257e+09 3.599249e-02 3.117444e-02 2.781742e-02 2.486131e-02 2.182947e-02 1.857165e-02
1.364583e+09 3.492051e-02 3.014967e-02 2.682910e-02 2.391019e-02 2.092304e-02 1.772285e-02
1.412538e+09 3.388043e-02 2.915667e-02 2.587252e-02 2.299079e-02 2.004841e-02 1.690587e-02
1.462177e+09 3.287130e-02 2.819445e-02 2.494670e-02 2.210217e-02 1.920459e-02 1.611971e-02
1.513561e+09 3.189221e-02 2.726209e-02 2.405069e-02 2.124340e-02 1.839059e-02 1.536340e-02
1.566751e+09 3.094226e-02 2.635868e-02 2.318359e-02 2.041356e-02 1.760554e-02 1.463600e-02
1.621810e+09 3.002059e-02 2.548333e-02 2.234455e-02 1.961174e-02 1.684853e-02 1.393661e-02
1.678804e+09 2.912634e-02 2.463523e-02 2.153270e-02 1.883706e-02 1.611866e-02 1.326437e-02
1.737801e+09 2.825871e-02 2.381356e-02 2.074719e-02 1.808872e-02 1.541513e-02 1.261849e-02
1.798871e+09 2.741691e-02 2.301753e-02 1.998724e-02 1.736592e-02 1.473710e-02 1.199801e-02
1.862087e+09 2.660015e-02 2.224635e-02 1.925206e-02 1.666786e-02 1.408378e-02 1.140206e-02
1.927525e+09 2.580771e-02 2.149928e-02 1.854091e-02 1.599377e-02 1.345440e-02 1.082989e-02
1.995262e+09 2.503884e-02 2.077557e-02 1.785304e-02 1.534293e-02 1.284822e-02 1.028075e-02
2.065380e+09 2.429286e-02 2.007451e-02 1.718772e-02 1.471463e-02 1.226451e-02 9.753932e-03
2.137962e+09 2.356908e-02 1.939543e-02 1.654430e-02 1.410816e-02 1.170258e-02 9.248772e-03
2.213095e+09 2.286684e-02 1.873763e-02 1.592209e-02 1.352284e-02 1.116175e-02 8.764729e-03
2.290868e+09 2.218550e-02 1.810048e-02 1.532045e-02 1.295803e-02 1.064135e-02 8.300883e-03
2.371374e+09 2.152443e-02 1.748336e-02 1.473875e-02 1.241311e-02 1.014074e-02 7.856472e-03
2.454709e+09 2.088304e-02 1.688568e-02 1.417637e-02 1.188743e-02 9.659294e-03 7.430898e-03
2.540973e+09 2.026073e-02 1.630684e-02 1.363272e-02 1.138043e-02 9.196420e-03 7.023592e-03
2.630268e+09 1.965694e-02 1.574628e-02 1.310722e-02 1.089153e-02 8.751537e-03 6.634031e-03
2.722701e+09 1.907112e-02 1.520343e-02 1.259935e-02 1.042015e-02 8.324088e-03 6.261836e-03
2.818383e+09 1.850273e-02 1.467775e-02 1.210856e-02 9.965753e-03 7.913535e-03 5.906144e-03
2.917427e+09 1.795125e-02 1.416871e-02 1.163432e-02 9.527823e-03 7.519251e-03 5.566282e-03
3.019952e+09 1.741619e-02 1.367582e-02 1.117610e-02 9.105837e-03 7.140729e-03 5.241781e-03
3.126079e+09 1.689704e-02 1.319860e-02 1.073343e-02 8.699303e-03 6.777477e-03 4.932219e-03
3.235937e+09 1.639334e-02 1.273656e-02 1.030583e-02 8.307741e-03 6.429023e-03 4.637331e-03
3.349654e+09 1.590463e-02 1.228926e-02 9.892850e-03 7.930686e-03 6.094911e-03 4.356308e-03
3.467369e+09 1.543045e-02 1.185622e-02 9.494019e-03 7.567686e-03 5.774715e-03 4.088557e-03
3.589219e+09 1.497039e-02 1.143701e-02 9.108909e-03 7.218300e-03 5.468014e-03 3.833727e-03
3.715352e+09 1.452401e-02 1.103123e-02 8.737111e-03 6.882102e-03 5.174201e-03 3.591628e-03
3.845918e+09 1.409091e-02 1.063846e-02 8.378208e-03 6.558679e-03 4.892877e-03 3.361498e-03
3.981072e+09 1.367070e-02 1.025831e-02 8.031794e-03 6.247629e-03 4.623662e-03 3.142802e-03
4.120975e+09 1.326299e-02 9.890395e-03 7.697486e-03 5.948565e-03 4.366190e-03 2.935251e-03
4.265795e+09 1.286741e-02 9.534331e-03 7.374921e-03 5.661112e-03 4.120125e-03 2.738719e-03
4.415704e+09 1.248359e-02 9.189763e-03 7.063728e-03 5.384909e-03 3.885133e-03 2.552510e-03
4.570882e+09 1.211119e-02 8.856349e-03 6.763557e-03 5.119606e-03 3.660638e-03 2.376175e-03
4.731513e+09 1.174987e-02 8.533745e-03 6.474074e-03 4.864823e-03 3.446323e-03 2.209624e-03
4.897788e+09 1.139930e-02 8.221617e-03 6.194943e-03 4.620215e-03 3.241890e-03 2.052209e-03
5.069907e+09 1.105915e-02 7.919648e-03 5.925843e-03 4.385465e-03 3.047064e-03 1.903519e-03
5.248075e+09 1.072912e-02 7.627534e-03 5.666467e-03 4.160266e-03 2.861578e-03 1.763500e-03
5.432503e+09 1.040891e-02 7.344971e-03 5.416510e-03 3.944325e-03 2.684887e-03 1.631551e-03
5.623413e+09 1.009822e-02 7.071662e-03 5.175678e-03 3.737356e-03 2.516738e-03 1.507305e-03
5.821032e+09 9.796763e-03 6.807327e-03 4.943690e-03 3.539088e-03 2.356904e-03 1.390743e-03
6.025596e+09 9.504275e-03 6.551696e-03 4.720271e-03 3.349175e-03 2.205159e-03 1.281341e-03
6.237348e+09 9.220485e-03 6.304500e-03 4.505155e-03 3.167325e-03 2.060990e-03 1.178905e-03
6.456542e+09 8.945133e-03 6.065481e-03 4.298081e-03 2.993292e-03 1.924186e-03 1.082947e-03
6.683439e+09 8.677968e-03 5.834394e-03 4.098799e-03 2.826837e-03 1.794560e-03 9.932913e-04
6.918310e+09 8.418747e-03 5.610992e-03 3.907064e-03 2.667734e-03 1.671929e-03 9.094855e-04
7.161434e+09 8.167232e-03 5.395035e-03 3.722639e-03 2.515765e-03 1.555820e-03 8.313712e-04
7.413102e+09 7.923194e-03 5.186300e-03 3.545296e-03 2.370616e-03 1.446075e-03 7.585310e-04
7.673615e+09 7.686410e-03 4.984575e-03 3.374814e-03 2.232039e-03 1.342535e-03 6.908241e-04
7.943282e+09 7.456665e-03 4.789641e-03 3.210977e-03 2.099839e-03 1.244759e-03 6.278671e-04
8.222426e+09 7.233748e-03 4.601288e-03 3.053579e-03 1.973828e-03 1.152614e-03 5.695369e-04
8.511380e+09 7.017457e-03 4.419309e-03 2.902410e-03 1.853829e-03 1.065971e-03 5.154860e-04
8.810489e+09 6.807593e-03 4.243512e-03 2.757252e-03 1.739557e-03 9.844326e-04 4.656257e-04
9.120108e+09 6.603966e-03 4.073713e-03 2.617920e-03 1.630797e-03 9.078805e-04 4.197234e-04
9.440609e+09 6.406389e-03 3.909726e-03 2.484231e-03 1.527390e-03 8.359291e-04 3.773449e-04
9.772372e+09 6.214683e-03 3.751367e-03 2.356012e-03 1.429187e-03 7.684817e-04 3.383984e-04
1.011579e+10 6.028672e-03 3.598467e-03 2.233094e-03 1.335927e-03 7.054429e-04 3.025942e-04
1.047129e+10 5.848231e-03 3.450861e-03 2.115314e-03 1.247417e-03 6.464739e-04 2.697781e-04
1.083927e+10 5.673161e-03 3.308385e-03 2.002495e-03 1.163527e-03 5.914911e-04 2.399895e-04
1.122018e+10 5.503303e-03 3.170877e-03 1.894440e-03 1.084134e-03 5.401795e-04 2.135939e-04
1.161449e+10 5.338501e-03 3.038185e-03 1.791005e-03 1.009000e-03 4.924666e-04 1.896291e-04
1.202264e+10 5.178606e-03 2.910164e-03 1.692048e-03 9.379582e-04 4.480616e-04 1.675894e-04
1.244515e+10 5.023470e-03 2.786667e-03 1.597433e-03 8.709045e-04 4.069027e-04 1.474398e-04
1.288250e+10 4.872953e-03 2.667556e-03 1.507031e-03 8.076187e-04 3.687244e-04 1.291605e-04
1.333521e+10 4.726916e-03 2.552696e-03 1.420687e-03 7.479532e-04 3.334841e-04 1.127842e-04
1.380384e+10 4.585227e-03 2.441955e-03 1.338228e-03 6.918185e-04 3.009311e-04 9.856282e-05
1.428894e+10 4.447756e-03 2.335206e-03 1.259536e-03 6.390146e-04 2.708344e-04 8.585719e-05
1.479108e+10 4.314377e-03 2.232325e-03 1.184499e-03 5.894120e-04 2.431516e-04 7.433608e-05
1.531087e+10 4.184969e-03 2.133193e-03 1.113012e-03 5.428233e-04 2.176724e-04 6.398960e-05
1.584893e+10 4.059190e-03 2.037695e-03 1.044940e-03 4.991279e-04 1.943606e-04 5.484287e-05
1.640590e+10 3.937156e-03 1.945716e-03 9.801239e-04 4.582591e-04 1.730174e-04 4.706594e-05
1.698244e+10 3.818754e-03 1.857147e-03 9.184700e-04 4.200489e-04 1.536188e-04 4.024128e-05
1.757924e+10 3.703877e-03 1.771882e-03 8.598875e-04 3.843937e-04 1.361805e-04 3.415831e-05
1.819701e+10 3.592420e-03 1.689817e-03 8.042577e-04 3.511381e-04 1.206979e-04 2.883497e-05
1.883649e+10 3.484281e-03 1.610854e-03 7.514348e-04 3.201882e-04 1.064902e-04 2.438408e-05
1.949845e+10 3.379361e-03 1.534894e-03 7.013395e-04 2.914016e-04 9.353347e-05 2.053794e-05
2.018366e+10 3.277564e-03 1.461843e-03 6.538965e-04 2.646935e-04 8.180798e-05 1.717394e-05
2.089296e+10 3.178798e-03 1.391612e-03 6.090016e-04 2.399341e-04 7.130245e-05 1.436396e-05
2.162719e+10 3.082972e-03 1.324111e-03 5.665233e-04 2.170478e-04 6.203242e-05 1.193411e-05
2.238721e+10 2.989999e-03 1.259255e-03 5.263964e-04 1.959175e-04 5.400027e-05 9.797037e-06
2.317395e+10 2.899793e-03 1.196962e-03 4.885272e-04 1.763961e-04 4.675513e-05 7.960829e-06
2.398833e+10 2.812273e-03 1.137148e-03 4.527945e-04 1.584195e-04 4.029000e-05 6.472682e-06
2.483133e+10 2.727359e-03 1.079727e-03 4.191428e-04 1.418870e-04 3.461557e-05 5.223314e-06
2.570396e+10 2.644972e-03 1.024626e-03 3.874884e-04 1.267418e-04 2.973366e-05 4.163342e-06
2.660725e+10 2.564892e-03 9.717713e-04 3.577212e-04 1.128930e-04 2.534637e-05 3.324151e-06
2.754229e+10 2.487197e-03 9.210944e-04 3.297637e-04 1.002905e-04 2.144744e-05 2.639325e-06
2.851018e+10 2.411815e-03 8.725280e-04 3.035131e-04 8.891793e-05 1.803422e-05 2.092903e-06
2.951209e+10 2.338676e-03 8.260074e-04 2.789274e-04 7.876604e-05 1.511579e-05 1.640281e-06
3.054921e+10 2.267715e-03 7.814605e-04 2.559385e-04 6.955214e-05 1.269585e-05 1.261237e-06
3.162278e+10 2.198866e-03 7.388113e-04 2.344540e-04 6.114462e-05 1.058417e-05 9.680780e-07
3.273407e+10 2.132067e-03 6.980015e-04 2.144120e-04 5.352957e-05 8.786686e-06 7.351689e-07
3.388442e+10 2.067257e-03 6.589750e-04 1.957272e-04 4.669570e-05 7.305918e-06 5.567285e-07
3.507519e+10 2.004376e-03 6.216777e-04 1.783433e-04 4.063501e-05 6.019831e-06 4.162666e-07
3.630781e+10 1.943259e-03 5.860578e-04 1.621821e-04 3.534465e-05 4.932357e-06 3.101783e-07
3.758374e+10 1.883962e-03 5.520530e-04 1.471928e-04 3.063828e-05 4.045228e-06 2.274345e-07
3.890451e+10 1.826430e-03 5.195952e-04 1.333041e-04 2.643134e-05 3.280396e-06 1.650545e-07
4.027170e+10 1.770611e-03 4.886380e-04 1.204703e-04 2.271886e-05 2.640524e-06 1.172099e-07
4.168694e+10 1.716453e-03 4.591368e-04 1.086266e-04 1.949918e-05 2.126864e-06 8.293073e-08
4.315191e+10 1.663908e-03 4.310490e-04 9.773218e-05 1.664939e-05 1.689440e-06 5.914288e-08
4.466836e+10 1.612926e-03 4.043200e-04 8.770826e-05 1.411370e-05 1.330135e-06 4.114310e-08
4.623810e+10 1.563463e-03 3.788885e-04 7.849982e-05 1.188864e-05 1.050089e-06 2.843497e-08
4.786301e+10 1.515387e-03 3.547165e-04 7.007296e-05 9.972240e-06 8.186346e-07 1.988203e-08
4.954502e+10 1.468743e-03 3.317681e-04 6.237823e-05 8.364802e-06 6.363029e-07 1.368674e-08
5.128614e+10 1.423487e-03 3.099945e-04 5.540352e-05 6.987811e-06 4.837246e-07 9.241614e-09
5.308844e+10 1.379578e-03 2.893398e-04 4.913912e-05 5.806745e-06 3.617020e-07 6.163380e-09
5.495409e+10 1.336976e-03 2.697723e-04 4.350211e-05 4.821889e-06 2.707616e-07 4.058119e-09
5.688529e+10 1.295643e-03 2.512477e-04 3.834056e-05 3.982903e-06 1.989577e-07 2.636757e-09
5.888437e+10 1.255471e-03 2.337138e-04 3.364518e-05 3.267700e-06 1.466479e-07 1.689869e-09
6.095369e+10 1.216495e-03 2.171431e-04 2.940795e-05 2.676540e-06 1.059071e-07 1.067738e-09
6.309573e+10 1.178679e-03 2.015094e-04 2.562227e-05 2.177254e-06 7.711532e-08 6.647957e-10
6.531306e+10 1.141989e-03 1.867741e-04 2.228317e-05 1.755776e-06 5.592339e-08 4.076617e-10
6.760830e+10 1.106334e-03 1.728906e-04 1.933654e-05 1.412361e-06 3.938272e-08 2.460753e-10
6.998420e+10 1.071740e-03 1.598230e-04 1.668204e-05 1.126438e-06 2.758294e-08 1.461344e-10
7.244360e+10 1.038175e-03 1.475276e-04 1.431513e-05 8.890708e-07 1.869579e-08 8.533066e-11
7.498942e+10 1.005610e-03 1.359844e-04 1.223228e-05 7.005289e-07 1.282863e-08 4.896308e-11
7.762471e+10 9.740143e-04 1.251611e-04 1.043105e-05 5.478455e-07 8.842178e-09 2.759164e-11
8.035261e+10 9.433100e-04 1.150185e-04 8.876583e-06 4.255391e-07 5.973880e-09 1.526006e-11
8.317638e+10 9.135198e-04 1.055269e-04 7.503548e-06 3.256460e-07 3.986652e-09 8.277894e-12
8.609938e+10 8.846164e-04 9.664985e-05 6.309985e-06 2.447284e-07 2.626804e-09 4.401227e-12
8.912509e+10 8.565313e-04 8.837223e-05 5.294676e-06 1.829332e-07 1.708129e-09 2.291991e-12
9.225714e+10 8.292822e-04 8.066801e-05 4.435326e-06 1.352036e-07 1.095688e-09 1.168211e-12
9.549926e+10 8.028444e-04 7.350457e-05 3.689803e-06 9.944035e-08 6.929756e-10 5.823349e-13
9.885531e+10 7.771571e-04 6.685834e-05 3.057316e-06 7.230550e-08 4.319159e-10 2.836802e-13
1.023293e+11 7.522345e-04 6.069953e-05 2.523524e-06 5.241258e-08 2.651599e-10 1.349399e-13
1.059254e+11 7.280538e-04 5.500691e-05 2.061335e-06 3.798540e-08 1.602555e-10 6.262457e-14
1.096478e+11 7.045929e-04 4.974345e-05 1.670178e-06 2.698774e-08 9.529622e-11 2.833139e-14
1.135011e+11 6.818305e-04 4.488368e-05 1.349809e-06 1.890318e-08 5.572484e-11 1.248309e-14
1.174898e+11 6.596863e-04 4.040968e-05 1.091333e-06 1.295826e-08 3.202404e-11 5.351887e-15
1.216186e+11 6.382013e-04 3.629834e-05 8.777308e-07 8.836042e-09 1.807559e-11 2.230525e-15
1.258925e+11 6.173559e-04 3.253368e-05 7.032297e-07 6.067077e-09 1.001435e-11 9.028039e-16
1.303167e+11 5.971311e-04 2.908690e-05 5.568221e-07 4.124141e-09 5.442310e-12 3.545047e-16
1.348963e+11 5.774629e-04 2.593864e-05 4.384296e-07 2.762044e-09 2.899205e-12 1.349067e-16
1.396368e+11 5.583802e-04 2.308322e-05 3.444355e-07 1.826751e-09 1.512881e-12 4.969950e-17
1.445440e+11 5.398656e-04 2.051571e-05 2.678966e-07 1.192588e-09 7.727612e-13 1.770460e-17
1.496236e+11 5.219021e-04 1.819964e-05 2.065848e-07 7.681884e-10 3.860762e-13 6.091534e-18
1.548817e+11 5.044734e-04 1.607834e-05 1.562399e-07 4.879879e-10 1.885165e-13 2.021842e-18
1.603245e+11 4.875286e-04 1.414767e-05 1.168511e-07 3.055656e-10 8.989252e-14 6.465506e-19
1.659587e+11 4.710883e-04 1.240398e-05 8.701767e-08 1.885110e-10 4.182464e-14 1.989431e-19
1.717908e+11 4.551373e-04 1.084401e-05 6.403278e-08 1.145200e-10 1.897139e-14 5.882244e-20
1.778279e+11 4.396348e-04 9.465048e-06 4.697520e-08 6.847090e-11 8.381750e-15 1.668941e-20
1.840772e+11 4.245938e-04 8.243174e-06 3.405824e-08 4.026890e-11 3.603590e-15 4.537305e-21
1.905461e+11 4.100005e-04 7.140915e-06 2.479008e-08 2.328218e-11 1.506202e-15 1.180231e-21
1.972423e+11 3.958218e-04 6.156120e-06 1.785569e-08 1.322544e-11 6.114279e-16 2.932778e-22
2.041738e+11 3.820652e-04 5.286937e-06 1.258866e-08 7.376700e-12 2.408094e-16 6.950906e-23
2.113489e+11 3.687181e-04 4.531846e-06 8.775770e-09 4.037420e-12 9.191857e-17 1.568688e-23
2.187762e+11 3.557542e-04 3.875350e-06 6.002925e-09 2.166954e-12 3.396674e-17 3.365286e-24
2.264644e+11 3.431762e-04 3.293000e-06 4.140876e-09 1.139735e-12 1.213745e-17 6.850606e-25
2.344229e+11 3.309726e-04 2.783687e-06 2.844034e-09 5.870305e-13 4.188973e-18 1.320875e-25
2.426610e+11 3.191227e-04 2.346517e-06 1.915260e-09 2.958716e-13 1.394634e-18 2.407661e-26
2.511886e+11 3.076255e-04 1.971491e-06 1.273965e-09 1.458157e-13 4.473341e-19 4.140724e-27
2.600160e+11 2.964650e-04 1.642780e-06 8.366373e-10 7.021412e-14 1.380542e-19 6.705330e-28
2.691535e+11 2.856367e-04 1.359759e-06 5.422183e-10 3.300753e-14 4.093728e-20 1.020259e-28
2.786121e+11 2.751307e-04 1.121945e-06 3.466318e-10 1.513585e-14 1.164730e-20 1.455453e-29
2.884032e+11 2.649353e-04 9.230163e-07 2.184807e-10 6.764418e-15 3.174908e-21 1.942223e-30
2.985383e+11 2.550434e-04 7.529104e-07 1.357044e-10 2.943708e-15 8.278977e-22 2.418767e-31
3.090295e+11 2.454465e-04 6.113388e-07 8.302133e-11 1.246228e-15 2.061950e-22 2.804309e-32
3.198895e+11 2.361352e-04 4.942703e-07 5.000004e-11 5.127697e-16 4.896971e-23 3.019253e-33
3.311311e+11 2.271011e-04 3.952801e-07 2.962774e-11 2.048512e-16 1.107111e-23 3.010781e-34
3.427678e+11 2.183360e-04 3.142037e-07 1.726348e-11 7.937796e-17 2.378530e-24 2.773240e-35
3.548134e+11 2.098317e-04 2.484736e-07 9.885648e-12 2.980200e-17 4.847224e-25 2.352900e-36
3.672823e+11 2.016152e-04 1.939856e-07 5.559877e-12 1.082923e-17 9.352527e-26 1.833417e-37
3.801894e+11 1.936433e-04 1.506571e-07 3.069275e-12 3.804189e-18 1.705184e-26 1.308123e-38
3.935501e+11 1.859086e-04 1.168772e-07 1.662012e-12 1.290410e-18 2.931872e-27 8.519299e-40
4.073803e+11 1.784043e-04 9.005842e-08 8.822020e-13 4.221486e-19 4.743985e-28 5.047962e-41
4.216965e+11 1.711233e-04 6.921698e-08 4.587060e-13 1.330231e-19 7.208206e-29 2.712198e-42
4.365158e+11 1.640591e-04 5.277376e-08 2.334639e-13 4.032240e-20 1.026180e-29 1.316729e-43
4.518559e+11 1.572052e-04 4.009600e-08 1.162250e-13 1.174184e-20 1.365604e-30 5.753766e-45
4.677351e+11 1.506232e-04 3.016670e-08 5.655062e-14 3.280120e-21 1.694676e-31 2.242691e-46
4.841724e+11 1.442372e-04 2.256870e-08 2.687110e-14 8.777650e-22 1.956265e-32 6.988118e-48
5.011872e+11 1.380413e-04 1.663002e-08 1.245900e-14 2.246731e-22 2.095212e-33 0.000000e+00
5.188000e+11 1.320299e-04 1.212382e-08 5.631939e-15 5.492050e-23 2.076476e-34 0.000000e+00
5.370318e+11 1.261974e-04 8.685878e-09 2.479835e-15 1.280063e-23 1.898990e-35 0.000000e+00
5.559043e+11 1.205385e-04 6.161791e-09 1.062620e-15 2.840007e-24 1.597976e-36 0.000000e+00
5.754399e+11 1.151339e-04 4.302578e-09 4.426996e-16 5.987576e-25 1.233618e-37 0.000000e+00
5.956621e+11 1.098903e-04 3.012818e-09 1.791378e-16 1.197435e-25 8.710008e-39 0.000000e+00
6.165950e+11 1.048027e-04 2.079052e-09 7.033440e-17 2.267357e-26 5.606615e-40 0.000000e+00
6.382635e+11 9.986657e-05 1.404997e-09 2.676646e-17 4.057184e-27 3.279406e-41 0.000000e+00
6.606934e+11 9.507740e-05 9.514077e-10 9.862345e-18 6.847078e-28 1.737076e-42 0.000000e+00
6.839116e+11 9.052603e-05 6.370902e-10 3.514325e-18 1.087603e-28 8.302963e-44 0.000000e+00
7.079458e+11 8.611015e-05 4.213028e-10 1.209665e-18 1.622542e-29 3.567745e-45 0.000000e+00
7.328245e+11 8.182572e-05 2.750160e-10 4.017171e-19 2.268425e-30 1.369501e-46 0.000000e+00
7.585776e+11 7.766884e-05 1.771315e-10 1.285462e-19 2.965267e-31 4.438786e-48 0.000000e+00
7.852356e+11 7.373510e-05 1.125137e-10 3.958347e-20 3.615640e-32 0.000000e+00 0.000000e+00
8.128305e+11 6.991846e-05 7.044936e-11 1.171375e-20 4.102253e-33 0.000000e+00 0.000000e+00
8.413951e+11 6.621543e-05 4.346038e-11 3.326567e-21 4.319864e-34 0.000000e+00 0.000000e+00
8.709636e+11 6.262265e-05 2.640159e-11 9.052806e-22 4.210964e-35 0.000000e+00 0.000000e+00
9.015711e+11 5.923686e-05 1.578535e-11 2.357235e-22 3.789382e-36 0.000000e+00 0.000000e+00
9.332543e+11 5.595186e-05 9.283775e-12 5.863784e-23 3.139048e-37 0.000000e+00 0.000000e+00
9.660509e+11 5.276465e-05 5.367750e-12 1.391254e-23 2.386668e-38 0.000000e+00 0.000000e+00
1.000000e+12 4.977105e-05 3.049292e-12 3.143118e-24 1.660447e-39 0.000000e+00 0.000000e+00
