# z[kpc], epsilon(nu_1), epsilon(nu_2), epsilon(nu_3), epsilon(nu_4), alpha(nu_1-nu_2), alpha(nu_2-nu_3), alpha(nu_3-nu_4)
 0.000000e+00  1.000000e+00  1.000000e+00  1.000000e+00  1.000000e+00 -5.519665e-01 -5.566794e-01 -5.631992e-01 
 2.777778e-02  9.918056e-01  9.910444e-01  9.917058e-01  9.883839e-01 -5.522902e-01 -5.562093e-01 -5.742481e-01 
 5.555556e-02  9.813003e-01  9.836555e-01  9.811007e-01  9.791131e-01 -5.509557e-01 -5.585121e-01 -5.698770e-01 
 8.333333e-02  9.694259e-01  9.747772e-01  9.686795e-01  9.698315e-01 -5.496453e-01 -5.611014e-01 -5.592856e-01 
 1.111111e-01  9.608900e-01  9.633645e-01  9.581043e-01  9.582524e-01 -5.508820e-01 -5.605377e-01 -5.626903e-01 
 1.388889e-01  9.540819e-01  9.506896e-01  9.451152e-01  9.443027e-01 -5.534684e-01 -5.608235e-01 -5.660315e-01 
 1.666667e-01  9.476795e-01  9.414236e-01  9.339030e-01  9.307400e-01 -5.547592e-01 -5.623314e-01 -5.743706e-01 
 1.944444e-01  9.396643e-01  9.338104e-01  9.248918e-01  9.196709e-01 -5.546016e-01 -5.634420e-01 -5.818399e-01 
 2.222222e-01  9.291610e-01  9.263677e-01  9.152722e-01  9.086071e-01 -5.532360e-01 -5.651706e-01 -5.872661e-01 
 2.500000e-01  9.184560e-01  9.171294e-01  9.036170e-01  8.983878e-01 -5.525760e-01 -5.671390e-01 -5.823103e-01 
 2.777778e-01  9.115952e-01  9.058130e-01  8.909830e-01  8.869867e-01 -5.546495e-01 -5.683120e-01 -5.780020e-01 
 3.055556e-01  9.031798e-01  8.947554e-01  8.773441e-01  8.734763e-01 -5.559180e-01 -5.705271e-01 -5.777482e-01 
 3.333333e-01  8.974961e-01  8.865760e-01  8.656148e-01  8.577796e-01 -5.571284e-01 -5.735402e-01 -5.931413e-01 
 3.611111e-01  8.895542e-01  8.761583e-01  8.539528e-01  8.444470e-01 -5.583646e-01 -5.747691e-01 -6.000600e-01 
 3.888889e-01  8.803583e-01  8.688456e-01  8.436120e-01  8.324826e-01 -5.575170e-01 -5.774483e-01 -6.069304e-01 
 4.166667e-01  8.708782e-01  8.595348e-01  8.318189e-01  8.207862e-01 -5.574948e-01 -5.797764e-01 -6.071663e-01 
 4.444444e-01  8.636727e-01  8.488964e-01  8.179230e-01  8.075873e-01 -5.592430e-01 -5.828716e-01 -6.050752e-01 
 4.722222e-01  8.556222e-01  8.403868e-01  8.026644e-01  7.922433e-01 -5.595423e-01 -5.890422e-01 -6.062316e-01 
 5.000000e-01  8.495410e-01  8.294925e-01  7.905907e-01  7.770830e-01 -5.620367e-01 -5.905278e-01 -6.199467e-01 
 5.277778e-01  8.421368e-01  8.198147e-01  7.797194e-01  7.644586e-01 -5.632940e-01 -5.920150e-01 -6.282878e-01 
 5.555556e-01  8.340093e-01  8.122168e-01  7.696328e-01  7.510415e-01 -5.631309e-01 -5.946291e-01 -6.437195e-01 
 5.833333e-01  8.273811e-01  8.045543e-01  7.572367e-01  7.398498e-01 -5.637633e-01 -5.993919e-01 -6.396890e-01 
 6.111111e-01  8.176545e-01  7.955514e-01  7.439567e-01  7.268963e-01 -5.635218e-01 -6.039301e-01 -6.395919e-01 
 6.388889e-01  8.098876e-01  7.855833e-01  7.298704e-01  7.126226e-01 -5.648140e-01 -6.085153e-01 -6.419491e-01 
 6.666667e-01  8.039582e-01  7.746445e-01  7.193294e-01  6.981940e-01 -5.676282e-01 -6.088855e-01 -6.614019e-01 
 6.944444e-01  7.986060e-01  7.653995e-01  7.074514e-01  6.862469e-01 -5.698743e-01 -6.121581e-01 -6.634077e-01 
 7.222222e-01  7.918030e-01  7.580129e-01  6.978113e-01  6.732747e-01 -5.703560e-01 -6.149929e-01 -6.810700e-01 
 7.500000e-01  7.827544e-01  7.512435e-01  6.863465e-01  6.621024e-01 -5.692922e-01 -6.203453e-01 -6.816201e-01 
 7.777778e-01  7.735871e-01  7.432513e-01  6.736814e-01  6.509245e-01 -5.688346e-01 -6.259332e-01 -6.763558e-01 
 8.055556e-01  7.666171e-01  7.334866e-01  6.609156e-01  6.385297e-01 -5.705946e-01 -6.300952e-01 -6.766663e-01 
 8.333333e-01  7.601974e-01  7.225518e-01  6.503287e-01  6.253929e-01 -5.733822e-01 -6.308902e-01 -6.919448e-01 
 8.611111e-01  7.549950e-01  7.143292e-01  6.385878e-01  6.114286e-01 -5.753126e-01 -6.356632e-01 -7.063129e-01 
 8.888889e-01  7.487111e-01  7.071998e-01  6.294245e-01  5.993085e-01 -5.760179e-01 -6.387798e-01 -7.246489e-01 
 9.166667e-01  7.405995e-01  7.002567e-01  6.186269e-01  5.887586e-01 -5.755850e-01 -6.440207e-01 -7.261528e-01 
 9.444444e-01  7.314413e-01  6.925049e-01  6.067231e-01  5.786767e-01 -5.750320e-01 -6.498683e-01 -7.190482e-01 
 9.722222e-01  7.248373e-01  6.833236e-01  5.974059e-01  5.676004e-01 -5.768354e-01 -6.513685e-01 -7.317278e-01 
 1.000000e+00  7.195433e-01  6.729344e-01  5.850066e-01  5.551177e-01 -5.802046e-01 -6.553521e-01 -7.358894e-01 
 1.027778e+00  7.145003e-01  6.651666e-01  5.744255e-01  5.417622e-01 -5.821346e-01 -6.600327e-01 -7.559775e-01 
 1.055556e+00  7.081819e-01  6.586815e-01  5.653489e-01  5.309637e-01 -5.825203e-01 -6.643524e-01 -7.698277e-01 
 1.083333e+00  7.002276e-01  6.524475e-01  5.566497e-01  5.211583e-01 -5.817672e-01 -6.685788e-01 -7.801437e-01 
 1.111111e+00  6.924564e-01  6.450775e-01  5.469984e-01  5.114680e-01 -5.818516e-01 -6.728985e-01 -7.843543e-01 
 1.138889e+00  6.870691e-01  6.363872e-01  5.355050e-01  5.011303e-01 -5.842773e-01 -6.783050e-01 -7.816648e-01 
 1.166667e+00  6.800933e-01  6.275034e-01  5.241021e-01  4.896497e-01 -5.859021e-01 -6.835659e-01 -7.871046e-01 
 1.194444e+00  6.755512e-01  6.205772e-01  5.147212e-01  4.773498e-01 -5.877565e-01 -6.884720e-01 -8.114053e-01 
 1.222222e+00  6.694715e-01  6.126124e-01  5.057882e-01  4.674912e-01 -5.893914e-01 -6.917063e-01 -8.224747e-01 
 1.250000e+00  6.623704e-01  6.069484e-01  4.977754e-01  4.587874e-01 -5.888116e-01 -6.964138e-01 -8.317761e-01 
 1.277778e+00  6.569316e-01  5.998314e-01  4.888708e-01  4.502235e-01 -5.903086e-01 -7.008219e-01 -8.343847e-01 
 1.305556e+00  6.496380e-01  5.916435e-01  4.787679e-01  4.407491e-01 -5.913963e-01 -7.058519e-01 -8.356553e-01 
 1.333333e+00  6.432895e-01  5.856304e-01  4.677739e-01  4.298977e-01 -5.915629e-01 -7.150237e-01 -8.412455e-01 
 1.361111e+00  6.385657e-01  5.768722e-01  4.591213e-01  4.193890e-01 -5.948088e-01 -7.175622e-01 -8.612598e-01 
 1.388889e+00  6.337916e-01  5.696899e-01  4.515822e-01  4.112487e-01 -5.969273e-01 -7.204010e-01 -8.712817e-01 
 1.416667e+00  6.279791e-01  5.639324e-01  4.441578e-01  4.017593e-01 -5.973255e-01 -7.249248e-01 -8.935668e-01 
 1.444444e+00  6.214113e-01  5.585239e-01  4.358466e-01  3.942668e-01 -5.969559e-01 -7.314450e-01 -8.933547e-01 
 1.472222e+00  6.140688e-01  5.520427e-01  4.261874e-01  3.854935e-01 -5.968655e-01 -7.390126e-01 -8.936588e-01 
 1.500000e+00  6.080162e-01  5.438753e-01  4.168248e-01  3.760183e-01 -5.989738e-01 -7.441623e-01 -9.024628e-01 
 1.527778e+00  6.033989e-01  5.357537e-01  4.092953e-01  3.681796e-01 -6.021035e-01 -7.464058e-01 -9.118066e-01 
 1.555556e+00  5.992606e-01  5.293772e-01  4.012075e-01  3.588837e-01 -6.042504e-01 -7.520325e-01 -9.302947e-01 
 1.583333e+00  5.941758e-01  5.234370e-01  3.947111e-01  3.506470e-01 -6.054155e-01 -7.555843e-01 -9.529949e-01 
 1.611111e+00  5.876866e-01  5.183329e-01  3.869520e-01  3.435849e-01 -6.049169e-01 -7.626694e-01 -9.546159e-01 
 1.638889e+00  5.803531e-01  5.123665e-01  3.784942e-01  3.368856e-01 -6.045038e-01 -7.700842e-01 -9.466833e-01 
 1.666667e+00  5.750783e-01  5.051620e-01  3.715681e-01  3.288119e-01 -6.066251e-01 -7.731197e-01 -9.657454e-01 
 1.694444e+00  5.706517e-01  4.970732e-01  3.631860e-01  3.205171e-01 -6.101732e-01 -7.778235e-01 -9.747466e-01 
 1.722222e+00  5.663741e-01  4.911410e-01  3.558274e-01  3.118869e-01 -6.120630e-01 -7.837875e-01 -9.972223e-01 
 1.750000e+00  5.614646e-01  4.861727e-01  3.495725e-01  3.049122e-01 -6.126791e-01 -7.891203e-01 -1.013298e+00 
 1.777778e+00  5.553865e-01  4.812763e-01  3.433278e-01  2.981944e-01 -6.123578e-01 -7.946892e-01 -1.027302e+00 
 1.805556e+00  5.484412e-01  4.755597e-01  3.363749e-01  2.922599e-01 -6.120900e-01 -8.006863e-01 -1.026126e+00 
 1.833333e+00  5.434115e-01  4.684844e-01  3.289895e-01  2.856689e-01 -6.145257e-01 -8.057675e-01 -1.028134e+00 
 1.861111e+00  5.393960e-01  4.611974e-01  3.210448e-01  2.780785e-01 -6.180085e-01 -8.119465e-01 -1.036316e+00 
 1.888889e+00  5.355971e-01  4.563542e-01  3.142748e-01  2.698536e-01 -6.194797e-01 -8.195262e-01 -1.065000e+00 
 1.916667e+00  5.308858e-01  4.506288e-01  3.086892e-01  2.637145e-01 -6.210779e-01 -8.232662e-01 -1.081727e+00 
 1.944444e+00  5.252108e-01  4.462589e-01  3.033354e-01  2.582222e-01 -6.206551e-01 -8.287282e-01 -1.093420e+00 
 1.972222e+00  5.193669e-01  4.407525e-01  2.973716e-01  2.530564e-01 -6.211723e-01 -8.339716e-01 -1.094577e+00 
 2.000000e+00  5.149329e-01  4.344596e-01  2.904753e-01  2.470635e-01 -6.236207e-01 -8.403726e-01 -1.096233e+00 
 2.027778e+00  5.096541e-01  4.280516e-01  2.828379e-01  2.398878e-01 -6.255414e-01 -8.486775e-01 -1.105550e+00 
 2.055556e+00  5.062406e-01  4.232521e-01  2.772456e-01  2.328627e-01 -6.274622e-01 -8.548042e-01 -1.137664e+00 
 2.083333e+00  5.016480e-01  4.177298e-01  2.721629e-01  2.280040e-01 -6.291572e-01 -8.585883e-01 -1.146169e+00 
 2.111111e+00  4.962836e-01  4.133787e-01  2.671984e-01  2.224701e-01 -6.290390e-01 -8.641826e-01 -1.166457e+00 
 2.138889e+00  4.925810e-01  4.089741e-01  2.616925e-01  2.180700e-01 -6.303982e-01 -8.713060e-01 -1.163676e+00 
 2.166667e+00  4.866319e-01  4.038050e-01  2.554698e-01  2.125989e-01 -6.306381e-01 -8.793015e-01 -1.168097e+00 
 2.194444e+00  4.818946e-01  3.981167e-01  2.485973e-01  2.065646e-01 -6.324953e-01 -8.885207e-01 -1.173117e+00 
 2.222222e+00  4.783440e-01  3.918664e-01  2.435392e-01  2.005233e-01 -6.360494e-01 -8.918555e-01 -1.203169e+00 
 2.250000e+00  4.750057e-01  3.867533e-01  2.391613e-01  1.960050e-01 -6.386344e-01 -8.953831e-01 -1.218483e+00 
 2.277778e+00  4.709010e-01  3.826221e-01  2.349379e-01  1.912293e-01 -6.395031e-01 -9.003705e-01 -1.241040e+00 
 2.305556e+00  4.654154e-01  3.787901e-01  2.300019e-01  1.871413e-01 -6.388067e-01 -9.082405e-01 -1.242275e+00 
 2.333333e+00  4.598776e-01  3.742392e-01  2.240766e-01  1.822741e-01 -6.388559e-01 -9.181148e-01 -1.243107e+00 
 2.361111e+00  4.556995e-01  3.687791e-01  2.186874e-01  1.771646e-01 -6.412048e-01 -9.249131e-01 -1.256569e+00 
 2.388889e+00  4.518480e-01  3.626545e-01  2.144376e-01  1.731140e-01 -6.446875e-01 -9.269406e-01 -1.268109e+00 
 2.416667e+00  4.487338e-01  3.581518e-01  2.094655e-01  1.677705e-01 -6.470395e-01 -9.346680e-01 -1.294102e+00 
 2.444444e+00  4.449591e-01  3.539691e-01  2.059975e-01  1.636022e-01 -6.484309e-01 -9.381546e-01 -1.321973e+00 
 2.472222e+00  4.400682e-01  3.504173e-01  2.013205e-01  1.599325e-01 -6.480228e-01 -9.472316e-01 -1.321051e+00 
 2.500000e+00  4.345323e-01  3.461750e-01  1.963405e-01  1.566445e-01 -6.478208e-01 -9.562991e-01 -1.306975e+00 
 2.527778e+00  4.305824e-01  3.410672e-01  1.923554e-01  1.525876e-01 -6.502382e-01 -9.602741e-01 -1.325858e+00 
 2.555556e+00  4.274296e-01  3.353495e-01  1.875104e-01  1.476966e-01 -6.542682e-01 -9.663373e-01 -1.349132e+00 
 2.583333e+00  4.244211e-01  3.311810e-01  1.833536e-01  1.430567e-01 -6.565639e-01 -9.733203e-01 -1.380420e+00 
 2.611111e+00  4.206353e-01  3.277052e-01  1.799194e-01  1.396836e-01 -6.572347e-01 -9.792094e-01 -1.396730e+00 
 2.638889e+00  4.158170e-01  3.243399e-01  1.767378e-01  1.363667e-01 -6.567294e-01 -9.845078e-01 -1.417116e+00 
 2.666667e+00  4.108158e-01  3.202771e-01  1.728698e-01  1.333592e-01 -6.569424e-01 -9.912188e-01 -1.417685e+00 
 2.694444e+00  4.076626e-01  3.152912e-01  1.681207e-01  1.298958e-01 -6.603091e-01 -9.997925e-01 -1.412605e+00 
 2.722222e+00  4.037706e-01  3.104587e-01  1.634991e-01  1.258428e-01 -6.627771e-01 -1.008551e+00 -1.425198e+00 
 2.750000e+00  4.010675e-01  3.070675e-01  1.600784e-01  1.214655e-01 -6.645759e-01 -1.015711e+00 -1.472153e+00 
 2.777778e+00  3.974323e-01  3.028428e-01  1.568774e-01  1.187270e-01 -6.665782e-01 -1.020182e+00 -1.480728e+00 
 2.805556e+00  3.931604e-01  2.998258e-01  1.539872e-01  1.160302e-01 -6.662431e-01 -1.026230e+00 -1.495157e+00 
 2.833333e+00  3.887227e-01  2.959089e-01  1.505470e-01  1.134710e-01 -6.670015e-01 -1.032886e+00 -1.494199e+00 
 2.861111e+00  3.854977e-01  2.915234e-01  1.465600e-01  1.104125e-01 -6.697847e-01 -1.041277e+00 -1.495789e+00 
 2.888889e+00  3.816973e-01  2.881276e-01  1.421964e-01  1.066533e-01 -6.705476e-01 -1.054320e+00 -1.510329e+00 
 2.916667e+00  3.788896e-01  2.837180e-01  1.392670e-01  1.030087e-01 -6.739376e-01 -1.058121e+00 -1.556273e+00 
 2.944444e+00  3.760493e-01  2.799271e-01  1.366838e-01  1.010153e-01 -6.764367e-01 -1.061836e+00 -1.558969e+00 
 2.972222e+00  3.725578e-01  2.768704e-01  1.341544e-01  9.818781e-02 -6.771332e-01 -1.067261e+00 -1.590949e+00 
 3.000000e+00  3.685578e-01  2.740163e-01  1.310458e-01  9.613123e-02 -6.769509e-01 -1.076480e+00 -1.583451e+00 
 3.027778e+00  3.640936e-01  2.702640e-01  1.272335e-01  9.334270e-02 -6.776262e-01 -1.087568e+00 -1.583168e+00 
 3.055556e+00  3.605389e-01  2.662856e-01  1.233393e-01  9.022688e-02 -6.797423e-01 -1.099023e+00 -1.592602e+00 
 3.083333e+00  3.577947e-01  2.619345e-01  1.213026e-01  8.802796e-02 -6.834675e-01 -1.099146e+00 -1.619019e+00 
 3.111111e+00  3.553466e-01  2.586437e-01  1.185562e-01  8.534391e-02 -6.859035e-01 -1.106375e+00 -1.645573e+00 
 3.138889e+00  3.523035e-01  2.555403e-01  1.164876e-01  8.306296e-02 -6.873670e-01 -1.110273e+00 -1.676815e+00 
 3.166667e+00  3.484040e-01  2.528728e-01  1.135302e-01  8.100674e-02 -6.870986e-01 -1.120999e+00 -1.674679e+00 
 3.194444e+00  3.439551e-01  2.497832e-01  1.104191e-01  7.915784e-02 -6.868631e-01 -1.131917e+00 -1.659209e+00 
 3.222222e+00  3.408245e-01  2.459922e-01  1.071654e-01  7.667449e-02 -6.894564e-01 -1.142216e+00 -1.665681e+00 
 3.250000e+00  3.379329e-01  2.416505e-01  1.050224e-01  7.429173e-02 -6.933723e-01 -1.143902e+00 -1.703121e+00 
 3.277778e+00  3.356585e-01  2.385688e-01  1.027393e-01  7.172893e-02 -6.959367e-01 -1.150346e+00 -1.746346e+00 
 3.305556e+00  3.327682e-01  2.360852e-01  1.007708e-01  6.984489e-02 -6.967028e-01 -1.156605e+00 -1.770288e+00 
 3.333333e+00  3.290921e-01  2.335982e-01  9.819115e-02  6.813259e-02 -6.964841e-01 -1.167416e+00 -1.766629e+00 
 3.361111e+00  3.248682e-01  2.305737e-01  9.535033e-02  6.667212e-02 -6.965322e-01 -1.178921e+00 -1.741308e+00 
 3.388889e+00  3.219151e-01  2.268302e-01  9.356926e-02  6.468609e-02 -6.995839e-01 -1.180673e+00 -1.778797e+00 
 3.416667e+00  3.195220e-01  2.230059e-01  9.080322e-02  6.231914e-02 -7.036072e-01 -1.189837e+00 -1.802738e+00 
 3.444444e+00  3.172748e-01  2.205954e-01  8.870538e-02  6.011303e-02 -7.052139e-01 -1.198649e+00 -1.844452e+00 
 3.472222e+00  3.144662e-01  2.175870e-01  8.687184e-02  5.861391e-02 -7.072546e-01 -1.203692e+00 -1.858835e+00 
 3.500000e+00  3.108530e-01  2.154534e-01  8.530105e-02  5.730257e-02 -7.065366e-01 -1.209606e+00 -1.873256e+00 
 3.527778e+00  3.072885e-01  2.125850e-01  8.321223e-02  5.596985e-02 -7.073251e-01 -1.217632e+00 -1.869107e+00 
 3.555556e+00  3.048989e-01  2.092825e-01  8.061029e-02  5.412632e-02 -7.106353e-01 -1.228985e+00 -1.874785e+00 
 3.583333e+00  3.017561e-01  2.058923e-01  7.814445e-02  5.195008e-02 -7.131529e-01 -1.239369e+00 -1.907616e+00 
 3.611111e+00  2.997479e-01  2.034571e-01  7.657169e-02  5.015007e-02 -7.153542e-01 -1.245312e+00 -1.956785e+00 
 3.638889e+00  2.970203e-01  2.007242e-01  7.484795e-02  4.903951e-02 -7.172020e-01 -1.251827e+00 -1.955550e+00 
 3.666667e+00  2.937915e-01  1.985043e-01  7.347468e-02  4.790387e-02 -7.172825e-01 -1.257039e+00 -1.971725e+00 
 3.694444e+00  2.913145e-01  1.957969e-01  7.150226e-02  4.669566e-02 -7.195029e-01 -1.266538e+00 -1.966237e+00 
 3.722222e+00  2.880280e-01  1.929560e-01  6.931407e-02  4.526571e-02 -7.208817e-01 -1.278141e+00 -1.966303e+00 
 3.750000e+00  2.851935e-01  1.907174e-01  6.718589e-02  4.344530e-02 -7.216321e-01 -1.291892e+00 -1.998780e+00 
 3.777778e+00  2.830929e-01  1.874403e-01  6.577801e-02  4.180420e-02 -7.258233e-01 -1.294602e+00 -2.055840e+00 
 3.805556e+00  2.811225e-01  1.848091e-01  6.442385e-02  4.083958e-02 -7.288391e-01 -1.299299e+00 -2.064215e+00 
 3.833333e+00  2.783258e-01  1.827331e-01  6.311819e-02  3.985462e-02 -7.293866e-01 -1.305766e+00 -2.077184e+00 
 3.861111e+00  2.753307e-01  1.808730e-01  6.155348e-02  3.899111e-02 -7.291387e-01 -1.316246e+00 -2.066654e+00 
 3.888889e+00  2.720188e-01  1.785989e-01  5.944479e-02  3.764576e-02 -7.293711e-01 -1.331894e+00 -2.067494e+00 
 3.916667e+00  2.695367e-01  1.755519e-01  5.754552e-02  3.601526e-02 -7.327616e-01 -1.342650e+00 -2.106369e+00 
 3.944444e+00  2.672464e-01  1.725094e-01  5.659388e-02  3.519267e-02 -7.365353e-01 -1.342081e+00 -2.127541e+00 
 3.972222e+00  2.654281e-01  1.702486e-01  5.512473e-02  3.384770e-02 -7.392191e-01 -1.351320e+00 -2.169244e+00 
 4.000000e+00  2.631235e-01  1.681814e-01  5.415498e-02  3.322368e-02 -7.406932e-01 -1.355218e+00 -2.172075e+00 
 4.027778e+00  2.602060e-01  1.664536e-01  5.271282e-02  3.234908e-02 -7.403461e-01 -1.366961e+00 -2.171040e+00 
 4.055556e+00  2.568500e-01  1.643219e-01  5.093809e-02  3.164201e-02 -7.403072e-01 -1.382012e+00 -2.131038e+00 
 4.083333e+00  2.545032e-01  1.616724e-01  4.994322e-02  3.049756e-02 -7.432910e-01 -1.384457e+00 -2.187397e+00 
 4.111111e+00  2.525429e-01  1.586284e-01  4.836295e-02  2.902080e-02 -7.480454e-01 -1.393720e+00 -2.244960e+00 
 4.138889e+00  2.508592e-01  1.565884e-01  4.728246e-02  2.797966e-02 -7.506828e-01 -1.400520e+00 -2.290865e+00 
 4.166667e+00  2.484247e-01  1.549352e-01  4.627857e-02  2.744514e-02 -7.510462e-01 -1.408164e+00 -2.283714e+00 
 4.194444e+00  2.456918e-01  1.532999e-01  4.535027e-02  2.671137e-02 -7.508560e-01 -1.414965e+00 -2.306227e+00 
 4.222222e+00  2.426730e-01  1.512583e-01  4.390718e-02  2.610803e-02 -7.512963e-01 -1.428306e+00 -2.274970e+00 
 4.250000e+00  2.408076e-01  1.486256e-01  4.255311e-02  2.514698e-02 -7.554462e-01 -1.438007e+00 -2.295321e+00 
 4.277778e+00  2.384949e-01  1.461161e-01  4.118424e-02  2.389082e-02 -7.585573e-01 -1.449048e+00 -2.356393e+00 
 4.305556e+00  2.369250e-01  1.443918e-01  4.040958e-02  2.299740e-02 -7.607780e-01 -1.454064e+00 -2.419368e+00 
 4.333333e+00  2.347388e-01  1.423851e-01  3.944647e-02  2.254665e-02 -7.627706e-01 -1.461200e+00 -2.405117e+00 
 4.361111e+00  2.321554e-01  1.409620e-01  3.875496e-02  2.213061e-02 -7.623397e-01 -1.466584e+00 -2.408209e+00 
 4.388889e+00  2.294919e-01  1.389819e-01  3.758621e-02  2.148479e-02 -7.634392e-01 -1.478194e+00 -2.404901e+00 
 4.416667e+00  2.275245e-01  1.366832e-01  3.613553e-02  2.060908e-02 -7.668413e-01 -1.494178e+00 -2.412318e+00 
 4.444444e+00  2.253294e-01  1.350379e-01  3.493598e-02  1.955414e-02 -7.678598e-01 -1.509433e+00 -2.474176e+00 
 4.472222e+00  2.236668e-01  1.328211e-01  3.431791e-02  1.880600e-02 -7.717165e-01 -1.510348e+00 -2.543858e+00 
 4.500000e+00  2.216212e-01  1.309235e-01  3.369103e-02  1.843278e-02 -7.739102e-01 -1.513199e+00 -2.549158e+00 
 4.527778e+00  2.193509e-01  1.294599e-01  3.296371e-02  1.810488e-02 -7.743085e-01 -1.520656e+00 -2.536397e+00 
 4.555556e+00  2.175172e-01  1.279800e-01  3.190015e-02  1.761992e-02 -7.756168e-01 -1.535665e+00 -2.517809e+00 
 4.583333e+00  2.148376e-01  1.261589e-01  3.060148e-02  1.677422e-02 -7.764330e-01 -1.554854e+00 -2.542916e+00 
 4.611111e+00  2.127280e-01  1.241273e-01  2.954104e-02  1.584985e-02 -7.791176e-01 -1.568267e+00 -2.613434e+00 
 4.638889e+00  2.111414e-01  1.219038e-01  2.908534e-02  1.528595e-02 -7.835828e-01 -1.566484e+00 -2.681532e+00 
 4.666667e+00  2.096813e-01  1.201510e-01  2.855502e-02  1.502835e-02 -7.867636e-01 -1.569246e+00 -2.676901e+00 
 4.694444e+00  2.078250e-01  1.188124e-01  2.799533e-02  1.471699e-02 -7.877380e-01 -1.575300e+00 -2.680659e+00 
 4.722222e+00  2.053270e-01  1.175682e-01  2.707187e-02  1.430784e-02 -7.870782e-01 -1.591518e+00 -2.663049e+00 
 4.750000e+00  2.028346e-01  1.160021e-01  2.594937e-02  1.384017e-02 -7.875827e-01 -1.611910e+00 -2.633033e+00 
 4.777778e+00  2.009753e-01  1.140287e-01  2.496177e-02  1.310381e-02 -7.909346e-01 -1.627162e+00 -2.685292e+00 
 4.805556e+00  1.992660e-01  1.117746e-01  2.452065e-02  1.250172e-02 -7.957520e-01 -1.625657e+00 -2.781467e+00 
 4.833333e+00  1.978770e-01  1.103170e-01  2.410789e-02  1.220734e-02 -7.983371e-01 -1.628370e+00 -2.804033e+00 
 4.861111e+00  1.961675e-01  1.090986e-01  2.362880e-02  1.197016e-02 -7.993617e-01 -1.634689e+00 -2.802543e+00 
 4.888889e+00  1.939769e-01  1.078361e-01  2.280868e-02  1.163653e-02 -7.995343e-01 -1.651379e+00 -2.779303e+00 
 4.916667e+00  1.914532e-01  1.063637e-01  2.183936e-02  1.134851e-02 -7.998094e-01 -1.672294e+00 -2.718830e+00 
 4.944444e+00  1.896991e-01  1.045381e-01  2.142435e-02  1.080641e-02 -8.032285e-01 -1.673614e+00 -2.816831e+00 
 4.972222e+00  1.883089e-01  1.024269e-01  2.067478e-02  1.011656e-02 -8.087299e-01 -1.684332e+00 -2.916778e+00 
 5.000000e+00  1.869567e-01  1.010440e-01  2.031361e-02  9.933103e-03 -8.114226e-01 -1.687173e+00 -2.919010e+00 
 5.027778e+00  1.852792e-01  9.996727e-02  1.985658e-02  9.734187e-03 -8.121397e-01 -1.695659e+00 -2.910688e+00 
 5.055556e+00  1.830930e-01  9.893777e-02  1.949056e-02  9.445668e-03 -8.114996e-01 -1.701475e+00 -2.948500e+00 
 5.083333e+00  1.809663e-01  9.757257e-02  1.886389e-02  9.226490e-03 -8.124321e-01 -1.714713e+00 -2.918194e+00 
 5.111111e+00  1.794278e-01  9.576679e-02  1.797323e-02  8.723976e-03 -8.167088e-01 -1.735632e+00 -2.943344e+00 
 5.138889e+00  1.776958e-01  9.416342e-02  1.733848e-02  8.155747e-03 -8.197380e-01 -1.749071e+00 -3.046733e+00 
 5.166667e+00  1.764915e-01  9.299366e-02  1.703989e-02  8.007001e-03 -8.221416e-01 -1.752503e+00 -3.050142e+00 
 5.194444e+00  1.748638e-01  9.151560e-02  1.664733e-02  7.819629e-03 -8.249905e-01 -1.757637e+00 -3.051368e+00 
 5.222222e+00  1.729102e-01  9.061943e-02  1.630540e-02  7.669354e-03 -8.244026e-01 -1.765327e+00 -3.046925e+00 
 5.250000e+00  1.714541e-01  8.929837e-02  1.574600e-02  7.367889e-03 -8.270292e-01 -1.779578e+00 -3.064020e+00 
 5.277778e+00  1.694957e-01  8.774528e-02  1.498448e-02  6.935023e-03 -8.295831e-01 -1.802147e+00 -3.100160e+00 
 5.305556e+00  1.678130e-01  8.665517e-02  1.446417e-02  6.522421e-03 -8.306474e-01 -1.818241e+00 -3.185771e+00 
 5.333333e+00  1.665569e-01  8.513027e-02  1.422134e-02  6.400002e-03 -8.349655e-01 -1.817661e+00 -3.192410e+00 
 5.361111e+00  1.653034e-01  8.386005e-02  1.401517e-02  6.253354e-03 -8.381192e-01 -1.817358e+00 -3.220654e+00 
 5.388889e+00  1.637144e-01  8.293091e-02  1.363218e-02  6.141438e-03 -8.387441e-01 -1.829031e+00 -3.188884e+00 
 5.416667e+00  1.619264e-01  8.203774e-02  1.308708e-02  5.920525e-03 -8.386796e-01 -1.850157e+00 -3.175140e+00 
 5.444444e+00  1.599452e-01  8.089518e-02  1.241002e-02  5.483564e-03 -8.394025e-01 -1.877707e+00 -3.252684e+00 
 5.472222e+00  1.583374e-01  7.931042e-02  1.198031e-02  5.216334e-03 -8.434849e-01 -1.888598e+00 -3.301157e+00 
 5.500000e+00  1.571362e-01  7.778151e-02  1.178357e-02  5.123453e-03 -8.484819e-01 -1.886549e+00 -3.305794e+00 
 5.527778e+00  1.560420e-01  7.675532e-02  1.162159e-02  5.043484e-03 -8.511354e-01 -1.886944e+00 -3.312017e+00 
 5.555556e+00  1.546597e-01  7.579061e-02  1.134765e-02  4.927931e-03 -8.527167e-01 -1.894841e+00 -3.309791e+00 
 5.583333e+00  1.529209e-01  7.498639e-02  1.081591e-02  4.741557e-03 -8.524474e-01 -1.921143e+00 -3.278708e+00 
 5.611111e+00  1.509149e-01  7.393775e-02  1.022499e-02  4.585098e-03 -8.528178e-01 -1.950810e+00 -3.204192e+00 
 5.638889e+00  1.495274e-01  7.258823e-02  1.006060e-02  4.178260e-03 -8.566905e-01 -1.949251e+00 -3.456788e+00 
 5.666667e+00  1.483734e-01  7.103120e-02  9.804497e-03  4.071469e-03 -8.625669e-01 -1.952141e+00 -3.457134e+00 
 5.694444e+00  1.472281e-01  7.008177e-02  9.626159e-03  3.997980e-03 -8.649735e-01 -1.955595e+00 -3.456667e+00 
 5.722222e+00  1.459081e-01  6.928894e-02  9.372744e-03  3.891222e-03 -8.659733e-01 -1.966377e+00 -3.457942e+00 
 5.750000e+00  1.442635e-01  6.856552e-02  9.093474e-03  3.727928e-03 -8.656191e-01 -1.980297e+00 -3.499505e+00 
 5.777778e+00  1.423695e-01  6.757688e-02  8.636508e-03  3.599283e-03 -8.661708e-01 -2.006394e+00 -3.445367e+00 
 5.805556e+00  1.410501e-01  6.623112e-02  8.271213e-03  3.396321e-03 -8.707266e-01 -2.022674e+00 -3.494183e+00 
 5.833333e+00  1.400146e-01  6.485962e-02  8.162077e-03  3.201340e-03 -8.764431e-01 -2.017288e+00 -3.645134e+00 
 5.861111e+00  1.390126e-01  6.418072e-02  8.019873e-03  3.147073e-03 -8.778513e-01 -2.022259e+00 -3.643555e+00 
 5.888889e+00  1.377592e-01  6.324548e-02  7.808590e-03  3.063327e-03 -8.802221e-01 -2.030728e+00 -3.644454e+00 
 5.916667e+00  1.361045e-01  6.263095e-02  7.630947e-03  3.008471e-03 -8.792438e-01 -2.040064e+00 -3.628178e+00 
 5.944444e+00  1.346174e-01  6.164584e-02  7.272068e-03  2.826453e-03 -8.812963e-01 -2.062837e+00 -3.675063e+00 
 5.972222e+00  1.334567e-01  6.047880e-02  6.822303e-03  2.681698e-03 -8.857040e-01 -2.094358e+00 -3.637947e+00 
 6.000000e+00  1.320574e-01  5.928062e-02  6.719900e-03  2.517207e-03 -8.896969e-01 -2.090915e+00 -3.796588e+00 
 6.027778e+00  1.311578e-01  5.856365e-02  6.588066e-03  2.471155e-03 -8.919456e-01 -2.096302e+00 -3.792146e+00 
 6.055556e+00  1.299303e-01  5.769535e-02  6.497916e-03  2.403784e-03 -8.942793e-01 -2.095485e+00 -3.837795e+00 
 6.083333e+00  1.284640e-01  5.705199e-02  6.274008e-03  2.364631e-03 -8.942221e-01 -2.112294e+00 -3.776402e+00 
 6.111111e+00  1.273774e-01  5.615151e-02  5.940746e-03  2.251637e-03 -8.973485e-01 -2.139545e+00 -3.757909e+00 
 6.138889e+00  1.258966e-01  5.545151e-02  5.578386e-03  2.096599e-03 -8.977076e-01 -2.175054e+00 -3.785589e+00 
 6.166667e+00  1.246469e-01  5.445825e-02  5.500060e-03  1.980914e-03 -9.011224e-01 -2.172281e+00 -3.925925e+00 
 6.194444e+00  1.237067e-01  5.335128e-02  5.394035e-03  1.937980e-03 -9.065891e-01 -2.171527e+00 -3.933983e+00 
 6.222222e+00  1.228323e-01  5.254774e-02  5.315452e-03  1.878161e-03 -9.099973e-01 -2.171174e+00 -3.988899e+00 
 6.250000e+00  1.217221e-01  5.194196e-02  5.109484e-03  1.843344e-03 -9.110581e-01 -2.190852e+00 -3.920382e+00 
 6.277778e+00  1.202309e-01  5.136800e-02  4.809605e-03  1.745343e-03 -9.105458e-01 -2.225643e+00 -3.901106e+00 
 6.305556e+00  1.187440e-01  5.059692e-02  4.544060e-03  1.604352e-03 -9.116761e-01 -2.255007e+00 -3.991455e+00 
 6.333333e+00  1.176443e-01  4.950525e-02  4.466817e-03  1.528953e-03 -9.169502e-01 -2.251718e+00 -4.093509e+00 
 6.361111e+00  1.166267e-01  4.848778e-02  4.372936e-03  1.491639e-03 -9.220434e-01 -2.252052e+00 -4.104922e+00 
 6.388889e+00  1.157996e-01  4.785689e-02  4.316810e-03  1.469975e-03 -9.245649e-01 -2.251927e+00 -4.110560e+00 
 6.416667e+00  1.147792e-01  4.722037e-02  4.181503e-03  1.423155e-03 -9.264787e-01 -2.264932e+00 -4.112284e+00 
 6.444444e+00  1.134760e-01  4.672518e-02  3.891497e-03  1.347051e-03 -9.261089e-01 -2.308154e+00 -4.056573e+00 
 6.472222e+00  1.119697e-01  4.600486e-02  3.719418e-03  1.275885e-03 -9.270254e-01 -2.329076e+00 -4.086378e+00 
 6.500000e+00  1.109339e-01  4.508898e-02  3.660671e-03  1.207518e-03 -9.315858e-01 -2.326124e+00 -4.215303e+00 
 6.527778e+00  1.101113e-01  4.407312e-02  3.611568e-03  1.163895e-03 -9.380560e-01 -2.319583e+00 -4.291996e+00 
 6.555556e+00  1.093074e-01  4.349397e-02  3.536699e-03  1.144649e-03 -9.405438e-01 -2.325023e+00 -4.277920e+00 
 6.583333e+00  1.083110e-01  4.298711e-02  3.410304e-03  1.102121e-03 -9.416253e-01 -2.342408e+00 -4.282759e+00 
 6.611111e+00  1.069881e-01  4.251647e-02  3.305908e-03  1.046241e-03 -9.410855e-01 -2.356559e+00 -4.351722e+00 
 6.638889e+00  1.056338e-01  4.183679e-02  3.020330e-03  9.810231e-04 -9.425093e-01 -2.408867e+00 -4.266164e+00 
 6.666667e+00  1.048179e-01  4.091016e-02  2.951998e-03  9.218022e-04 -9.486838e-01 -2.409210e+00 -4.395844e+00 
 6.694444e+00  1.037907e-01  4.001974e-02  2.908148e-03  8.835602e-04 -9.538100e-01 -2.404249e+00 -4.486088e+00 
 6.722222e+00  1.030749e-01  3.960360e-02  2.840133e-03  8.657124e-04 -9.552998e-01 -2.413560e+00 -4.475356e+00 
 6.750000e+00  1.020991e-01  3.896906e-02  2.731516e-03  8.303918e-04 -9.580994e-01 -2.429656e+00 -4.484119e+00 
 6.777778e+00  1.009363e-01  3.858792e-02  2.645016e-03  8.155960e-04 -9.574138e-01 -2.445406e+00 -4.437356e+00 
 6.805556e+00  9.974794e-02  3.793131e-02  2.502826e-03  7.608574e-04 -9.596569e-01 -2.472250e+00 -4.484170e+00 
 6.833333e+00  9.891088e-02  3.715643e-02  2.366521e-03  7.016798e-04 -9.648065e-01 -2.497168e+00 -4.566391e+00 
 6.861111e+00  9.791221e-02  3.664830e-02  2.333873e-03  6.776007e-04 -9.663337e-01 -2.497254e+00 -4.635632e+00 
 6.888889e+00  9.716702e-02  3.593359e-02  2.279733e-03  6.591961e-04 -9.714166e-01 -2.499915e+00 -4.649022e+00 
 6.916667e+00  9.624236e-02  3.540350e-02  2.246825e-03  6.290659e-04 -9.736515e-01 -2.499688e+00 -4.755201e+00 
 6.944444e+00  9.545978e-02  3.497659e-02  2.120371e-03  6.169515e-04 -9.753243e-01 -2.531959e+00 -4.628485e+00 
 6.972222e+00  9.441393e-02  3.457735e-02  2.015256e-03  6.058796e-04 -9.755198e-01 -2.559699e+00 -4.520689e+00 
 7.000000e+00  9.321820e-02  3.390882e-02  1.899236e-03  5.347947e-04 -9.783778e-01 -2.587724e+00 -4.736388e+00 
 7.027778e+00  9.228041e-02  3.324448e-02  1.871916e-03  5.131428e-04 -9.824575e-01 -2.583991e+00 -4.824769e+00 
 7.055556e+00  9.157397e-02  3.250813e-02  1.824473e-03  4.967620e-04 -9.886618e-01 -2.586298e+00 -4.847067e+00 
 7.083333e+00  9.090613e-02  3.208465e-02  1.796897e-03  4.877723e-04 -9.911044e-01 -2.587789e+00 -4.857053e+00 
 7.111111e+00  9.008522e-02  3.161597e-02  1.714339e-03  4.612812e-04 -9.934842e-01 -2.610564e+00 -4.886055e+00 
 7.138889e+00  8.896505e-02  3.124732e-02  1.601517e-03  4.501519e-04 -9.931538e-01 -2.650270e+00 -4.742308e+00 
 7.166667e+00  8.785284e-02  3.074065e-02  1.517096e-03  4.003097e-04 -9.947422e-01 -2.676912e+00 -4.950396e+00 
 7.194444e+00  8.703293e-02  3.010229e-02  1.490362e-03  3.944687e-04 -9.996369e-01 -2.674652e+00 -4.940255e+00 
 7.222222e+00  8.627298e-02  2.937764e-02  1.451225e-03  3.703928e-04 -1.006214e+00 -2.676234e+00 -5.059999e+00 
 7.250000e+00  8.566710e-02  2.899900e-02  1.430495e-03  3.647421e-04 -1.008712e+00 -2.677231e+00 -5.063247e+00 
 7.277778e+00  8.488879e-02  2.864891e-02  1.361699e-03  3.437455e-04 -1.009985e+00 -2.703404e+00 -5.096181e+00 
 7.305556e+00  8.391151e-02  2.832414e-02  1.262267e-03  3.367297e-04 -1.009910e+00 -2.748801e+00 -4.914403e+00 
 7.333333e+00  8.277997e-02  2.777701e-02  1.203249e-03  3.059324e-04 -1.012410e+00 -2.768799e+00 -5.072568e+00 
 7.361111e+00  8.200296e-02  2.719046e-02  1.179943e-03  2.986537e-04 -1.017433e+00 -2.767542e+00 -5.087454e+00 
 7.388889e+00  8.138738e-02  2.652655e-02  1.163733e-03  2.777552e-04 -1.024679e+00 -2.759870e+00 -5.280786e+00 
 7.416667e+00  8.078678e-02  2.629861e-02  1.129019e-03  2.720068e-04 -1.025195e+00 -2.775129e+00 -5.249930e+00 
 7.444444e+00  8.004166e-02  2.584963e-02  1.069802e-03  2.544124e-04 -1.028548e+00 -2.800960e+00 -5.292721e+00 
 7.472222e+00  7.905577e-02  2.557883e-02  1.016896e-03  2.483658e-04 -1.027763e+00 -2.829279e+00 -5.204915e+00 
 7.500000e+00  7.810428e-02  2.509565e-02  9.654249e-04  2.360818e-04 -1.030699e+00 -2.852443e+00 -5.200907e+00 
 7.527778e+00  7.748430e-02  2.454823e-02  9.299796e-04  2.204230e-04 -1.036638e+00 -2.863260e+00 -5.303725e+00 
 7.555556e+00  7.665536e-02  2.395948e-02  9.166939e-04  2.017045e-04 -1.042338e+00 -2.856293e+00 -5.548571e+00 
 7.583333e+00  7.612270e-02  2.367708e-02  8.861971e-04  1.968979e-04 -1.044398e+00 -2.871781e+00 -5.516578e+00 
 7.611111e+00  7.538654e-02  2.326292e-02  8.411082e-04  1.835232e-04 -1.047741e+00 -2.896143e+00 -5.576262e+00 
 7.638889e+00  7.451551e-02  2.302371e-02  7.953752e-04  1.794042e-04 -1.047199e+00 -2.928255e+00 -5.466917e+00 
 7.666667e+00  7.387749e-02  2.258691e-02  7.529508e-04  1.760622e-04 -1.051650e+00 -2.953384e+00 -5.348337e+00 
 7.694444e+00  7.299829e-02  2.208646e-02  7.274381e-04  1.633722e-04 -1.056049e+00 -2.961886e+00 -5.481159e+00 
 7.722222e+00  7.225438e-02  2.183176e-02  7.169363e-04  1.519820e-04 -1.056621e+00 -2.963960e+00 -5.671248e+00 
 7.750000e+00  7.169625e-02  2.133960e-02  6.913874e-04  1.441325e-04 -1.062965e+00 -2.973463e+00 -5.726381e+00 
 7.777778e+00  7.113493e-02  2.099755e-02  6.806039e-04  1.359477e-04 -1.066465e+00 -2.973154e+00 -5.867128e+00 
 7.805556e+00  7.043264e-02  2.072348e-02  6.313805e-04  1.323665e-04 -1.067821e+00 -3.016797e+00 -5.707830e+00 
 7.833333e+00  6.963899e-02  2.048216e-02  5.850750e-04  1.295620e-04 -1.067982e+00 -3.062217e+00 -5.527532e+00 
 7.861111e+00  6.875542e-02  2.011206e-02  5.671531e-04  1.191532e-04 -1.070286e+00 -3.071291e+00 -5.700867e+00 
 7.888889e+00  6.810365e-02  1.962690e-02  5.534421e-04  1.092533e-04 -1.076566e+00 -3.071329e+00 -5.905912e+00 
 7.916667e+00  6.750383e-02  1.917001e-02  5.308280e-04  1.023847e-04 -1.082768e+00 -3.084129e+00 -5.982348e+00 
 7.944444e+00  6.701602e-02  1.890424e-02  5.217739e-04  1.004424e-04 -1.085597e+00 -3.086414e+00 -5.988768e+00 
 7.972222e+00  6.640328e-02  1.860104e-02  5.101024e-04  9.738098e-05 -1.088541e+00 -3.090962e+00 -6.016201e+00 
 8.000000e+00  6.562767e-02  1.838559e-02  4.528692e-04  9.392963e-05 -1.088500e+00 -3.166615e+00 -5.743142e+00 
 8.027778e+00  6.472846e-02  1.803860e-02  4.372185e-04  8.619351e-05 -1.090716e+00 -3.177973e+00 -5.910358e+00 
 8.055556e+00  6.411232e-02  1.760154e-02  4.254870e-04  8.459900e-05 -1.097026e+00 -3.179855e+00 -5.882282e+00 
 8.083333e+00  6.359922e-02  1.717660e-02  4.192182e-04  7.204610e-05 -1.103942e+00 -3.173093e+00 -6.362302e+00 
 8.111111e+00  6.315020e-02  1.693295e-02  3.996141e-04  7.059171e-05 -1.106979e+00 -3.196774e+00 -6.271751e+00 
 8.138889e+00  6.250399e-02  1.670855e-02  3.919567e-04  6.914489e-05 -1.108267e+00 -3.201008e+00 -6.276231e+00 
 8.166667e+00  6.177341e-02  1.650353e-02  3.472507e-04  6.690595e-05 -1.108515e+00 -3.277647e+00 -5.985835e+00 
 8.194444e+00  6.096976e-02  1.620275e-02  3.428133e-04  6.344325e-05 -1.110749e+00 -3.273749e+00 -6.118477e+00 
 8.222222e+00  6.049173e-02  1.576334e-02  3.248417e-04  6.086020e-05 -1.119023e+00 -3.292320e+00 -6.078035e+00 
 8.250000e+00  5.988797e-02  1.537701e-02  3.205537e-04  5.149524e-05 -1.125257e+00 -3.284198e+00 -6.584491e+00 
 8.277778e+00  5.946880e-02  1.524375e-02  3.042804e-04  4.994295e-05 -1.125965e+00 -3.314779e+00 -6.513719e+00 
 8.305556e+00  5.888425e-02  1.496307e-02  2.989815e-04  4.902793e-05 -1.129636e+00 -3.314063e+00 -6.516760e+00 
 8.333333e+00  5.819380e-02  1.479719e-02  2.731668e-04  4.714862e-05 -1.129363e+00 -3.369839e+00 -6.348117e+00 
 8.361111e+00  5.748785e-02  1.450492e-02  2.634467e-04  4.582724e-05 -1.132629e+00 -3.381312e+00 -6.322414e+00 
 8.388889e+00  5.697723e-02  1.413404e-02  2.480301e-04  4.355783e-05 -1.139789e+00 -3.405553e+00 -6.291094e+00 
 8.416667e+00  5.635651e-02  1.395796e-02  2.439369e-04  3.661653e-05 -1.140456e+00 -3.408445e+00 -6.807913e+00 
 8.444444e+00  5.596331e-02  1.363621e-02  2.300612e-04  3.528660e-05 -1.147337e+00 -3.433280e+00 -6.736892e+00 
 8.472222e+00  5.540864e-02  1.340731e-02  2.257252e-04  3.455387e-05 -1.150275e+00 -3.434759e+00 -6.743336e+00 
 8.500000e+00  5.475558e-02  1.321452e-02  2.128014e-04  3.293108e-05 -1.151383e+00 -3.466100e+00 -6.707586e+00 
 8.527778e+00  5.433377e-02  1.304482e-02  2.009245e-04  3.181278e-05 -1.153572e+00 -3.497461e+00 -6.632240e+00 
 8.555556e+00  5.362130e-02  1.274056e-02  1.869457e-04  2.986627e-05 -1.157958e+00 -3.531646e+00 -6.602694e+00 
 8.583333e+00  5.306523e-02  1.246145e-02  1.834488e-04  2.742197e-05 -1.162902e+00 -3.529343e+00 -6.821682e+00 
 8.611111e+00  5.264702e-02  1.215109e-02  1.718669e-04  2.460634e-05 -1.170201e+00 -3.557526e+00 -6.963689e+00 
 8.638889e+00  5.225681e-02  1.194826e-02  1.681509e-04  2.408446e-05 -1.174162e+00 -3.561067e+00 -6.962301e+00 
 8.666667e+00  5.176937e-02  1.177072e-02  1.605069e-04  2.268062e-05 -1.176523e+00 -3.583303e+00 -7.006860e+00 
 8.694444e+00  5.110427e-02  1.164622e-02  1.500949e-04  2.175905e-05 -1.175554e+00 -3.623072e+00 -6.922600e+00 
 8.722222e+00  5.044174e-02  1.139488e-02  1.409777e-04  2.014791e-05 -1.179251e+00 -3.651857e+00 -6.969566e+00 
 8.750000e+00  4.995707e-02  1.107498e-02  1.349006e-04  1.970426e-05 -1.187187e+00 -3.662841e+00 -6.897790e+00 
 8.777778e+00  4.950899e-02  1.080366e-02  1.265192e-04  1.693745e-05 -1.193847e+00 -3.690564e+00 -7.184810e+00 
 8.805556e+00  4.914610e-02  1.066100e-02  1.238698e-04  1.661093e-05 -1.196350e+00 -3.696110e+00 -7.179224e+00 
 8.833333e+00  4.869110e-02  1.052012e-02  1.217987e-04  1.623694e-05 -1.198037e+00 -3.698618e+00 -7.198686e+00 
 8.861111e+00  4.811274e-02  1.037710e-02  1.132362e-04  1.517359e-05 -1.198770e+00 -3.740339e+00 -7.181690e+00 
 8.888889e+00  4.744058e-02  1.014103e-02  1.055649e-04  1.448827e-05 -1.202541e+00 -3.773556e+00 -7.102882e+00 
 8.916667e+00  4.698387e-02  9.845472e-03  1.003514e-04  1.329082e-05 -1.210934e+00 -3.788404e+00 -7.220169e+00 
 8.944444e+00  4.662521e-02  9.594969e-03  9.889501e-05  1.184422e-05 -1.218570e+00 -3.780544e+00 -7.551483e+00 
 8.972222e+00  4.627230e-02  9.475649e-03  9.346587e-05  1.157630e-05 -1.220643e+00 -3.811514e+00 -7.440899e+00 
 9.000000e+00  4.582837e-02  9.352059e-03  9.085639e-05  1.127043e-05 -1.222114e+00 -3.822216e+00 -7.435832e+00 
 9.027778e+00  4.524429e-02  9.220112e-03  8.378789e-05  1.037497e-05 -1.222697e+00 -3.869276e+00 -7.441741e+00 
 9.055556e+00  4.468139e-02  9.031131e-03  8.254006e-05  9.781318e-06 -1.226150e+00 -3.865256e+00 -7.586357e+00 
 9.083333e+00  4.428418e-02  8.730136e-03  7.250132e-05  8.891688e-06 -1.236678e+00 -3.932752e+00 -7.473339e+00 
 9.111111e+00  4.383379e-02  8.522936e-03  7.134720e-05  8.471204e-06 -1.242496e+00 -3.927133e+00 -7.580022e+00 
 9.138889e+00  4.351995e-02  8.417189e-03  6.917215e-05  7.844397e-06 -1.244730e+00 -3.940152e+00 -7.731210e+00 
 9.166667e+00  4.308079e-02  8.290382e-03  6.730799e-05  7.603709e-06 -1.246854e+00 -3.948707e+00 -7.743868e+00 
 9.194444e+00  4.256432e-02  8.186557e-03  6.278925e-05  6.895717e-06 -1.247083e+00 -3.988798e+00 -7.836862e+00 
 9.222222e+00  4.219070e-02  7.992928e-03  6.063811e-05  6.393953e-06 -1.253458e+00 -3.996496e+00 -7.970842e+00 
 9.250000e+00  4.166980e-02  7.741140e-03  5.248352e-05  5.861068e-06 -1.261717e+00 -4.075713e+00 -7.781817e+00 
 9.277778e+00  4.123113e-02  7.648359e-03  5.110743e-05  5.678133e-06 -1.262338e+00 -4.085939e+00 -7.798743e+00 
 9.305556e+00  4.089944e-02  7.440012e-03  5.020989e-05  5.157035e-06 -1.270578e+00 -4.078962e+00 -8.057378e+00 
 9.333333e+00  4.056560e-02  7.353476e-03  4.858584e-05  4.988988e-06 -1.272056e+00 -4.093888e+00 -8.058197e+00 
 9.361111e+00  4.015188e-02  7.231704e-03  4.738851e-05  4.452561e-06 -1.274774e+00 -4.099704e+00 -8.350612e+00 
 9.388889e+00  3.968262e-02  7.148098e-03  4.398990e-05  4.028631e-06 -1.274720e+00 -4.143952e+00 -8.435019e+00 
 9.416667e+00  3.915848e-02  6.972055e-03  3.943037e-05  3.865452e-06 -1.279628e+00 -4.203488e+00 -8.210852e+00 
 9.444444e+00  3.873855e-02  6.738616e-03  3.620583e-05  3.735542e-06 -1.289442e+00 -4.239611e+00 -8.042484e+00 
 9.472222e+00  3.842792e-02  6.554097e-03  3.564784e-05  3.350954e-06 -1.297754e+00 -4.230991e+00 -8.349107e+00 
 9.500000e+00  3.814045e-02  6.487014e-03  3.441019e-05  3.236670e-06 -1.298926e+00 -4.248641e+00 -8.347014e+00 
 9.527778e+00  3.777911e-02  6.380087e-03  3.356247e-05  3.089939e-06 -1.301921e+00 -4.254507e+00 -8.417645e+00 
 9.555556e+00  3.732214e-02  6.308216e-03  3.204665e-05  2.627281e-06 -1.301566e+00 -4.279091e+00 -8.799578e+00 
 9.583333e+00  3.679012e-02  6.149807e-03  2.879334e-05  2.518941e-06 -1.306236e+00 -4.336604e+00 -8.585743e+00 
 9.611111e+00  3.643064e-02  5.934328e-03  2.612540e-05  2.415423e-06 -1.317135e+00 -4.379991e+00 -8.403738e+00 
 9.638889e+00  3.613429e-02  5.769382e-03  2.570528e-05  2.154686e-06 -1.325577e+00 -4.371551e+00 -8.726501e+00 
 9.666667e+00  3.583502e-02  5.714351e-03  2.460301e-05  2.063955e-06 -1.326111e+00 -4.395682e+00 -8.723845e+00 
 9.694444e+00  3.548739e-02  5.650017e-03  2.388121e-05  1.950477e-06 -1.326775e+00 -4.408686e+00 -8.812008e+00 
 9.722222e+00  3.505562e-02  5.558465e-03  2.256921e-05  1.854081e-06 -1.328502e+00 -4.436992e+00 -8.792840e+00 
 9.750000e+00  3.455278e-02  5.422201e-03  2.216828e-05  1.612614e-06 -1.332875e+00 -4.432133e+00 -9.193287e+00 
 9.777778e+00  3.421134e-02  5.209392e-03  1.856592e-05  1.527609e-06 -1.345571e+00 -4.528883e+00 -8.787660e+00 
 9.805556e+00  3.394772e-02  5.064830e-03  1.824466e-05  1.446726e-06 -1.354175e+00 -4.521352e+00 -8.909318e+00 
 9.833333e+00  3.368655e-02  5.015049e-03  1.788831e-05  1.325411e-06 -1.355084e+00 -4.528291e+00 -9.132758e+00 
 9.861111e+00  3.335407e-02  4.959310e-03  1.698054e-05  1.238808e-06 -1.355614e+00 -4.557114e+00 -9.183779e+00 
 9.888889e+00  3.291777e-02  4.889357e-03  1.638698e-05  1.162875e-06 -1.356052e+00 -4.572177e+00 -9.274904e+00 
 9.916667e+00  3.252954e-02  4.748686e-03  1.529590e-05  1.008210e-06 -1.363359e+00 -4.600159e+00 -9.517977e+00 
 9.944444e+00  3.223264e-02  4.577157e-03  1.308590e-05  9.425751e-07 -1.375006e+00 -4.684199e+00 -9.225786e+00 
 9.972222e+00  3.186838e-02  4.429221e-03  1.282695e-05  8.805438e-07 -1.384067e+00 -4.675132e+00 -9.384139e+00 
 1.000000e+01  3.163697e-02  4.384184e-03  1.253963e-05  8.219144e-07 -1.385303e+00 -4.683894e+00 -9.536432e+00 
 1.002778e+01  3.130833e-02  4.347966e-03  1.175590e-05  7.588345e-07 -1.384398e+00 -4.723527e+00 -9.586860e+00 
 1.005556e+01  3.092332e-02  4.273248e-03  1.124543e-05  7.014916e-07 -1.386489e+00 -4.742596e+00 -9.699416e+00 
 1.008333e+01  3.064711e-02  4.142536e-03  1.034323e-05  6.388450e-07 -1.395806e+00 -4.779637e+00 -9.732072e+00 
 1.011111e+01  3.025906e-02  4.062420e-03  9.480826e-06  5.903569e-07 -1.398667e+00 -4.827224e+00 -9.705314e+00 
 1.013889e+01  2.993192e-02  3.941056e-03  8.944058e-06  5.448837e-07 -1.406873e+00 -4.846921e+00 -9.777339e+00 
 1.016667e+01  2.968673e-02  3.826301e-03  8.721080e-06  5.022466e-07 -1.415865e+00 -4.843889e+00 -9.962516e+00 
 1.019444e+01  2.945931e-02  3.785894e-03  8.064388e-06  4.622763e-07 -1.417098e+00 -4.891573e+00 -9.977805e+00 
 1.022222e+01  2.917656e-02  3.724129e-03  7.661270e-06  4.279785e-07 -1.419968e+00 -4.916118e+00 -1.006279e+01 
 1.025000e+01  2.878537e-02  3.677061e-03  6.998898e-06  3.961176e-07 -1.419639e+00 -4.970876e+00 -1.001978e+01 
 1.027778e+01  2.839598e-02  3.577040e-03  6.593916e-06  3.664309e-07 -1.425525e+00 -4.993445e+00 -1.008003e+01 
 1.030556e+01  2.811252e-02  3.428009e-03  6.159286e-06  3.387836e-07 -1.439239e+00 -5.011506e+00 -1.011382e+01 
 1.033333e+01  2.785210e-02  3.328302e-03  6.027346e-06  3.130482e-07 -1.447761e+00 -5.005965e+00 -1.030267e+01 
 1.036111e+01  2.764093e-02  3.294075e-03  5.494400e-06  2.891047e-07 -1.448910e+00 -5.063918e+00 -1.025983e+01 
 1.038889e+01  2.737347e-02  3.242120e-03  5.149872e-06  2.668395e-07 -1.451514e+00 -5.098349e+00 -1.031049e+01 
 1.041667e+01  2.703325e-02  3.204394e-03  4.707594e-06  2.461457e-07 -1.451176e+00 -5.153377e+00 -1.028062e+01 
 1.044444e+01  2.663619e-02  3.106527e-03  4.588651e-06  2.269224e-07 -1.458015e+00 -5.149553e+00 -1.046411e+01 
 1.047222e+01  2.636891e-02  2.973496e-03  4.219631e-06  2.090746e-07 -1.472218e+00 -5.177791e+00 -1.045779e+01 
 1.050000e+01  2.616249e-02  2.886862e-03  4.110677e-06  1.925126e-07 -1.481372e+00 -5.175389e+00 -1.064341e+01 
 1.052778e+01  2.595766e-02  2.856045e-03  3.974745e-06  1.771522e-07 -1.482583e+00 -5.191523e+00 -1.080649e+01 
 1.055556e+01  2.569697e-02  2.832649e-03  3.408240e-06  1.629141e-07 -1.481795e+00 -5.294081e+00 -1.057606e+01 
 1.058333e+01  2.535047e-02  2.774376e-03  3.200769e-06  1.497236e-07 -1.484835e+00 -5.323691e+00 -1.064727e+01 
 1.061111e+01  2.499551e-02  2.683797e-03  3.104375e-06  1.375105e-07 -1.492886e+00 -5.321848e+00 -1.082678e+01 
 1.063889e+01  2.479285e-02  2.566167e-03  2.807536e-06  1.262089e-07 -1.508352e+00 -5.361089e+00 -1.077823e+01 
 1.066667e+01  2.452827e-02  2.492351e-03  2.720468e-06  1.157569e-07 -1.516135e+00 -5.362721e+00 -1.095915e+01 
 1.069444e+01  2.434747e-02  2.464629e-03  2.612608e-06  1.060963e-07 -1.517731e+00 -5.383347e+00 -1.111289e+01 
 1.072222e+01  2.408960e-02  2.443859e-03  2.369023e-06  9.717266e-08 -1.516810e+00 -5.446351e+00 -1.107992e+01 
 1.075000e+01  2.378660e-02  2.400954e-03  2.128908e-06  8.893467e-08 -1.518941e+00 -5.509178e+00 -1.101972e+01 
 1.077778e+01  2.347630e-02  2.306433e-03  2.048264e-06  8.133442e-08 -1.530340e+00 -5.508088e+00 -1.118673e+01 
 1.080556e+01  2.325788e-02  2.198384e-03  1.970917e-06  7.432697e-08 -1.546630e+00 -5.501403e+00 -1.135665e+01 
 1.083333e+01  2.300821e-02  2.177351e-03  1.755481e-06  6.787023e-08 -1.546133e+00 -5.576199e+00 -1.127472e+01 
 1.086111e+01  2.281627e-02  2.124423e-03  1.668708e-06  6.192480e-08 -1.552977e+00 -5.594580e+00 -1.140968e+01 
 1.088889e+01  2.257306e-02  2.099713e-03  1.569935e-06  5.645385e-08 -1.553391e+00 -5.629333e+00 -1.151334e+01 
 1.091667e+01  2.230958e-02  2.060046e-03  1.379084e-06  5.142292e-08 -1.556482e+00 -5.707230e+00 -1.139389e+01 
 1.094444e+01  2.210843e-02  2.012782e-03  1.313893e-06  4.679983e-08 -1.562450e+00 -5.724998e+00 -1.154464e+01 
 1.097222e+01  2.179563e-02  1.926354e-03  1.251672e-06  4.255449e-08 -1.574948e+00 -5.728257e+00 -1.169802e+01 
 1.100000e+01  2.155346e-02  1.855533e-03  1.122341e-06  3.865885e-08 -1.586031e+00 -5.778716e+00 -1.165504e+01 
