# nu[Hz], I(z_1), I(z_2), I(z_3), I(z_4), I(z_5), I(z_6)
 1.035142e+06  4.612777e+00  5.060888e+00  5.630347e+00  6.060749e+00  6.448083e+00  6.773971e+00
 1.071519e+06  4.596518e+00  5.029459e+00  5.575504e+00  5.982833e+00  6.344911e+00  6.649533e+00
 1.109175e+06  4.575662e+00  4.993878e+00  5.517644e+00  5.906381e+00  6.243678e+00  6.525897e+00
 1.148154e+06  4.555199e+00  4.958967e+00  5.460871e+00  5.831367e+00  6.137562e+00  6.404557e+00
 1.188502e+06  4.530439e+00  4.920258e+00  5.405167e+00  5.744942e+00  6.033441e+00  6.284535e+00
 1.230269e+06  4.506145e+00  4.882277e+00  5.350509e+00  5.660142e+00  5.931277e+00  6.166718e+00
 1.273503e+06  4.477859e+00  4.840832e+00  5.280635e+00  5.576937e+00  5.831033e+00  6.051050e+00
 1.318257e+06  4.450105e+00  4.796251e+00  5.212074e+00  5.495297e+00  5.728315e+00  5.936878e+00
 1.364583e+06  4.418679e+00  4.752510e+00  5.144804e+00  5.415192e+00  5.627528e+00  5.824793e+00
 1.412538e+06  4.387844e+00  4.705951e+00  5.078798e+00  5.328126e+00  5.528635e+00  5.714417e+00
 1.462177e+06  4.353651e+00  4.660269e+00  5.014035e+00  5.242697e+00  5.428808e+00  5.606114e+00
 1.513561e+06  4.320102e+00  4.612056e+00  4.950489e+00  5.158875e+00  5.330856e+00  5.499630e+00
 1.566751e+06  4.283490e+00  4.564750e+00  4.877230e+00  5.076629e+00  5.234744e+00  5.394997e+00
 1.621810e+06  4.247566e+00  4.518334e+00  4.805350e+00  4.990414e+00  5.138643e+00  5.292329e+00
 1.678804e+06  4.208856e+00  4.472791e+00  4.734821e+00  4.905821e+00  5.044347e+00  5.191496e+00
 1.737801e+06  4.167657e+00  4.414507e+00  4.665620e+00  4.822818e+00  4.951820e+00  5.092556e+00
 1.798871e+06  4.127233e+00  4.357320e+00  4.597720e+00  4.741377e+00  4.859887e+00  4.995416e+00
 1.862087e+06  4.084573e+00  4.301208e+00  4.523893e+00  4.657924e+00  4.769678e+00  4.900060e+00
 1.927525e+06  4.042715e+00  4.246153e+00  4.451455e+00  4.576041e+00  4.680461e+00  4.806481e+00
 1.995262e+06  4.001645e+00  4.192133e+00  4.380380e+00  4.495698e+00  4.592915e+00  4.714645e+00
 2.065380e+06  3.961347e+00  4.139129e+00  4.310642e+00  4.414597e+00  4.506556e+00  4.624522e+00
 2.137962e+06  3.909784e+00  4.077992e+00  4.237522e+00  4.335020e+00  4.421808e+00  4.536083e+00
 2.213095e+06  3.859191e+00  4.018005e+00  4.165779e+00  4.256939e+00  4.338340e+00  4.449298e+00
 2.290868e+06  3.809551e+00  3.959147e+00  4.095385e+00  4.178869e+00  4.256420e+00  4.364137e+00
 2.371374e+06  3.760844e+00  3.901396e+00  4.026315e+00  4.102267e+00  4.175850e+00  4.280571e+00
 2.454709e+06  3.713054e+00  3.838701e+00  3.955531e+00  4.027104e+00  4.096757e+00  4.198571e+00
 2.540973e+06  3.666163e+00  3.777187e+00  3.886079e+00  3.952426e+00  4.018990e+00  4.118107e+00
 2.630268e+06  3.612080e+00  3.716829e+00  3.817933e+00  3.879151e+00  3.942627e+00  4.039150e+00
 2.722701e+06  3.559016e+00  3.657608e+00  3.749139e+00  3.806687e+00  3.867616e+00  3.961674e+00
 2.818383e+06  3.506949e+00  3.599500e+00  3.681639e+00  3.735584e+00  3.793972e+00  3.885649e+00
 2.917427e+06  3.455863e+00  3.538558e+00  3.615409e+00  3.665451e+00  3.721710e+00  3.811049e+00
 3.019952e+06  3.405738e+00  3.478763e+00  3.549184e+00  3.596635e+00  3.650776e+00  3.737847e+00
 3.126079e+06  3.351223e+00  3.420093e+00  3.484206e+00  3.528869e+00  3.581160e+00  3.666016e+00
 3.235937e+06  3.297735e+00  3.360004e+00  3.419660e+00  3.462375e+00  3.512842e+00  3.595531e+00
 3.349654e+06  3.245253e+00  3.301046e+00  3.356328e+00  3.396997e+00  3.445800e+00  3.526366e+00
 3.467369e+06  3.193759e+00  3.243198e+00  3.294187e+00  3.332844e+00  3.380012e+00  3.458496e+00
 3.589219e+06  3.139760e+00  3.184822e+00  3.232733e+00  3.269803e+00  3.315455e+00  3.391898e+00
 3.715352e+06  3.086777e+00  3.127544e+00  3.172435e+00  3.207942e+00  3.252107e+00  3.326546e+00
 3.845918e+06  3.034791e+00  3.071345e+00  3.112961e+00  3.147180e+00  3.189946e+00  3.262418e+00
 3.981072e+06  2.981553e+00  3.015165e+00  3.054604e+00  3.087517e+00  3.128951e+00  3.199490e+00
 4.120975e+06  2.929317e+00  2.960042e+00  2.997140e+00  3.028963e+00  3.069099e+00  3.137740e+00
 4.265795e+06  2.878064e+00  2.905956e+00  2.940756e+00  2.971473e+00  3.010369e+00  3.077145e+00
 4.415704e+06  2.827775e+00  2.852228e+00  2.885320e+00  2.915031e+00  2.952740e+00  3.017684e+00
 4.570882e+06  2.777004e+00  2.799510e+00  2.830927e+00  2.859616e+00  2.896192e+00  2.959335e+00
 4.731513e+06  2.727188e+00  2.747381e+00  2.777480e+00  2.805204e+00  2.840704e+00  2.902078e+00
 4.897788e+06  2.678310e+00  2.696233e+00  2.725037e+00  2.751769e+00  2.786257e+00  2.845891e+00
 5.069907e+06  2.629433e+00  2.646048e+00  2.673532e+00  2.699333e+00  2.732830e+00  2.790754e+00
 5.248075e+06  2.581477e+00  2.596546e+00  2.622965e+00  2.647879e+00  2.680405e+00  2.736649e+00
 5.432503e+06  2.533838e+00  2.547977e+00  2.573348e+00  2.597389e+00  2.628962e+00  2.683554e+00
 5.623413e+06  2.487096e+00  2.500149e+00  2.524641e+00  2.547847e+00  2.578483e+00  2.631451e+00
 5.821032e+06  2.441233e+00  2.453221e+00  2.476841e+00  2.499234e+00  2.528951e+00  2.580322e+00
 6.025596e+06  2.395877e+00  2.407082e+00  2.429932e+00  2.451534e+00  2.480346e+00  2.530148e+00
 6.237348e+06  2.351375e+00  2.361748e+00  2.383900e+00  2.404728e+00  2.432652e+00  2.480910e+00
 6.456542e+06  2.307480e+00  2.317267e+00  2.338728e+00  2.358801e+00  2.385852e+00  2.432592e+00
 6.683439e+06  2.264410e+00  2.273583e+00  2.294401e+00  2.313735e+00  2.339927e+00  2.385176e+00
 6.918310e+06  2.222000e+00  2.230720e+00  2.250903e+00  2.269515e+00  2.294863e+00  2.338644e+00
 7.161434e+06  2.180387e+00  2.188639e+00  2.208218e+00  2.226124e+00  2.250643e+00  2.292981e+00
 7.413102e+06  2.139475e+00  2.147334e+00  2.166331e+00  2.183548e+00  2.207250e+00  2.248170e+00
 7.673615e+06  2.099332e+00  2.106800e+00  2.125226e+00  2.141770e+00  2.164670e+00  2.204194e+00
 7.943282e+06  2.059889e+00  2.067024e+00  2.084888e+00  2.100776e+00  2.122887e+00  2.161039e+00
 8.222426e+06  2.021152e+00  2.027991e+00  2.045300e+00  2.060551e+00  2.081885e+00  2.118688e+00
 8.511380e+06  1.983144e+00  1.989690e+00  2.006446e+00  2.021081e+00  2.041651e+00  2.077126e+00
 8.810489e+06  1.945830e+00  1.952107e+00  1.968309e+00  1.982350e+00  2.002169e+00  2.036339e+00
 9.120108e+06  1.909217e+00  1.915230e+00  1.930872e+00  1.944345e+00  1.963425e+00  1.996312e+00
 9.440609e+06  1.873276e+00  1.879045e+00  1.894118e+00  1.907053e+00  1.925406e+00  1.957031e+00
 9.772372e+06  1.838006e+00  1.843541e+00  1.858027e+00  1.870460e+00  1.888098e+00  1.918482e+00
 1.011579e+07  1.803396e+00  1.808704e+00  1.822610e+00  1.834553e+00  1.851487e+00  1.880652e+00
 1.047129e+07  1.769433e+00  1.774521e+00  1.787857e+00  1.799319e+00  1.815560e+00  1.843526e+00
 1.083927e+07  1.736108e+00  1.740982e+00  1.753757e+00  1.764745e+00  1.780305e+00  1.807093e+00
 1.122018e+07  1.703409e+00  1.708074e+00  1.720298e+00  1.730819e+00  1.745708e+00  1.771340e+00
 1.161449e+07  1.671323e+00  1.675784e+00  1.687466e+00  1.697529e+00  1.711757e+00  1.736255e+00
 1.202264e+07  1.639841e+00  1.644102e+00  1.655250e+00  1.664862e+00  1.678441e+00  1.701826e+00
 1.244515e+07  1.608951e+00  1.613015e+00  1.623640e+00  1.632806e+00  1.645746e+00  1.668044e+00
 1.288250e+07  1.578642e+00  1.582514e+00  1.592622e+00  1.601351e+00  1.613661e+00  1.634899e+00
 1.333521e+07  1.548903e+00  1.552586e+00  1.562187e+00  1.570485e+00  1.582176e+00  1.602381e+00
 1.380384e+07  1.519723e+00  1.523220e+00  1.532322e+00  1.540197e+00  1.551278e+00  1.570477e+00
 1.428894e+07  1.491093e+00  1.494407e+00  1.503018e+00  1.510476e+00  1.520956e+00  1.539172e+00
 1.479108e+07  1.463001e+00  1.466136e+00  1.474264e+00  1.481311e+00  1.491199e+00  1.508453e+00
 1.531087e+07  1.435438e+00  1.438396e+00  1.446049e+00  1.452691e+00  1.461998e+00  1.478308e+00
 1.584893e+07  1.408393e+00  1.411178e+00  1.418363e+00  1.424607e+00  1.433341e+00  1.448726e+00
 1.640590e+07  1.381858e+00  1.384471e+00  1.391197e+00  1.397049e+00  1.405218e+00  1.419694e+00
 1.698244e+07  1.355821e+00  1.358266e+00  1.364540e+00  1.370005e+00  1.377619e+00  1.391200e+00
 1.757924e+07  1.330275e+00  1.332554e+00  1.338383e+00  1.343468e+00  1.350534e+00  1.363229e+00
 1.819701e+07  1.305210e+00  1.307325e+00  1.312716e+00  1.317426e+00  1.323955e+00  1.335768e+00
 1.883649e+07  1.280616e+00  1.282570e+00  1.287531e+00  1.291871e+00  1.297870e+00  1.308800e+00
 1.949845e+07  1.256485e+00  1.258280e+00  1.262817e+00  1.266794e+00  1.272271e+00  1.282310e+00
 2.018366e+07  1.232808e+00  1.234446e+00  1.238567e+00  1.242185e+00  1.247150e+00  1.256281e+00
 2.089296e+07  1.209576e+00  1.211060e+00  1.214771e+00  1.218036e+00  1.222497e+00  1.230715e+00
 2.162719e+07  1.186782e+00  1.188112e+00  1.191421e+00  1.194338e+00  1.198303e+00  1.205630e+00
 2.238721e+07  1.164417e+00  1.165596e+00  1.168509e+00  1.171083e+00  1.174561e+00  1.181018e+00
 2.317395e+07  1.142473e+00  1.143501e+00  1.146026e+00  1.148262e+00  1.151264e+00  1.156868e+00
 2.398833e+07  1.120941e+00  1.121821e+00  1.123964e+00  1.125866e+00  1.128402e+00  1.133172e+00
 2.483133e+07  1.099815e+00  1.100547e+00  1.102315e+00  1.103889e+00  1.105971e+00  1.109921e+00
 2.570396e+07  1.079086e+00  1.079672e+00  1.081071e+00  1.082321e+00  1.083964e+00  1.087105e+00
 2.660725e+07  1.058748e+00  1.059187e+00  1.060225e+00  1.061156e+00  1.062373e+00  1.064714e+00
 2.754229e+07  1.038792e+00  1.039085e+00  1.039770e+00  1.040386e+00  1.041188e+00  1.042740e+00
 2.851018e+07  1.019212e+00  1.019359e+00  1.019697e+00  1.020003e+00  1.020400e+00  1.021172e+00
 2.951209e+07  1.000000e+00  1.000000e+00  1.000000e+00  1.000000e+00  1.000000e+00  1.000000e+00
 3.054921e+07  9.811497e-01  9.810015e-01  9.806715e-01  9.803698e-01  9.799800e-01  9.792114e-01
 3.162278e+07  9.626542e-01  9.623557e-01  9.617045e-01  9.611055e-01  9.603317e-01  9.587944e-01
 3.273407e+07  9.445067e-01  9.440549e-01  9.430923e-01  9.422002e-01  9.410461e-01  9.387377e-01
 3.388442e+07  9.267007e-01  9.260915e-01  9.248282e-01  9.236471e-01  9.221141e-01  9.190407e-01
 3.507519e+07  9.092298e-01  9.084575e-01  9.069055e-01  9.054398e-01  9.035254e-01  8.997140e-01
 3.630781e+07  8.920877e-01  8.911444e-01  8.893180e-01  8.875717e-01  8.852690e-01  8.807501e-01
 3.758374e+07  8.752682e-01  8.741518e-01  8.720591e-01  8.700367e-01  8.673338e-01  8.621411e-01
 3.890451e+07  8.587651e-01  8.574782e-01  8.551228e-01  8.528286e-01  8.497096e-01  8.438790e-01
 4.027170e+07  8.425727e-01  8.411177e-01  8.385029e-01  8.359415e-01  8.324119e-01  8.259557e-01
 4.168694e+07  8.266849e-01  8.250643e-01  8.221935e-01  8.193698e-01  8.154401e-01  8.083622e-01
 4.315191e+07  8.110961e-01  8.093123e-01  8.061886e-01  8.031081e-01  7.987878e-01  7.910891e-01
 4.466836e+07  7.958007e-01  7.938559e-01  7.904827e-01  7.871511e-01  7.824487e-01  7.741264e-01
 4.623810e+07  7.807931e-01  7.786897e-01  7.750699e-01  7.714943e-01  7.664167e-01  7.574648e-01
 4.786301e+07  7.660680e-01  7.638080e-01  7.599449e-01  7.561331e-01  7.506855e-01  7.411027e-01
 4.954502e+07  7.516199e-01  7.492057e-01  7.451021e-01  7.410632e-01  7.352490e-01  7.250466e-01
 5.128614e+07  7.374437e-01  7.348773e-01  7.305362e-01  7.262758e-01  7.201011e-01  7.092895e-01
 5.308844e+07  7.235343e-01  7.208178e-01  7.162421e-01  7.117650e-01  7.052353e-01  6.938236e-01
 5.495409e+07  7.098866e-01  7.070221e-01  7.022145e-01  6.975250e-01  6.906452e-01  6.786407e-01
 5.688529e+07  6.964958e-01  6.934851e-01  6.884486e-01  6.835501e-01  6.763238e-01  6.637324e-01
 5.888437e+07  6.833569e-01  6.802021e-01  6.749393e-01  6.698344e-01  6.622638e-01  6.490903e-01
 6.095369e+07  6.704653e-01  6.671682e-01  6.616819e-01  6.563717e-01  6.484572e-01  6.347125e-01
 6.309573e+07  6.578163e-01  6.543787e-01  6.486716e-01  6.431556e-01  6.348958e-01  6.206032e-01
 6.531306e+07  6.454053e-01  6.418291e-01  6.359038e-01  6.301791e-01  6.215722e-01  6.067556e-01
 6.760830e+07  6.332278e-01  6.295148e-01  6.233740e-01  6.174344e-01  6.084956e-01  5.931624e-01
 6.998420e+07  6.212795e-01  6.174313e-01  6.110777e-01  6.049138e-01  5.956646e-01  5.798160e-01
 7.244360e+07  6.095560e-01  6.055743e-01  5.990107e-01  5.926104e-01  5.830741e-01  5.667091e-01
 7.498942e+07  5.980532e-01  5.939396e-01  5.871687e-01  5.805372e-01  5.707187e-01  5.538390e-01
 7.762471e+07  5.867668e-01  5.825229e-01  5.755476e-01  5.686913e-01  5.585932e-01  5.412085e-01
 8.035261e+07  5.756927e-01  5.713201e-01  5.641435e-01  5.570683e-01  5.466918e-01  5.288108e-01
 8.317638e+07  5.648271e-01  5.603272e-01  5.529525e-01  5.456639e-01  5.350085e-01  5.166389e-01
 8.609938e+07  5.541658e-01  5.495403e-01  5.419711e-01  5.344736e-01  5.235367e-01  5.046861e-01
 8.912509e+07  5.437053e-01  5.389554e-01  5.311957e-01  5.234932e-01  5.122698e-01  4.929495e-01
 9.225714e+07  5.334415e-01  5.285688e-01  5.206233e-01  5.127184e-01  5.012016e-01  4.814303e-01
 9.549926e+07  5.233708e-01  5.183766e-01  5.102507e-01  5.021448e-01  4.903382e-01  4.701223e-01
 9.885531e+07  5.134897e-01  5.083753e-01  5.000727e-01  4.917680e-01  4.796775e-01  4.590190e-01
 1.023293e+08  5.037945e-01  4.985612e-01  4.900853e-01  4.815835e-01  4.692146e-01  4.481178e-01
 1.059254e+08  4.942817e-01  4.889308e-01  4.802846e-01  4.715864e-01  4.589443e-01  4.374190e-01
 1.096478e+08  4.849478e-01  4.794807e-01  4.706667e-01  4.617716e-01  4.488610e-01  4.269167e-01
 1.135011e+08  4.757896e-01  4.702073e-01  4.612276e-01  4.521336e-01  4.389590e-01  4.166050e-01
 1.174898e+08  4.668037e-01  4.611075e-01  4.519636e-01  4.426667e-01  4.292327e-01  4.064806e-01
 1.216186e+08  4.579869e-01  4.521778e-01  4.428705e-01  4.333657e-01  4.196864e-01  3.965434e-01
 1.258925e+08  4.493360e-01  4.434152e-01  4.339442e-01  4.242386e-01  4.103179e-01  3.867878e-01
 1.303167e+08  4.408478e-01  4.348165e-01  4.251799e-01  4.152827e-01  4.011224e-01  3.772106e-01
 1.348963e+08  4.325193e-01  4.263785e-01  4.165729e-01  4.064946e-01  3.920950e-01  3.678111e-01
 1.396368e+08  4.243475e-01  4.180982e-01  4.081179e-01  3.978705e-01  3.832306e-01  3.585836e-01
 1.445440e+08  4.163294e-01  4.099727e-01  3.998099e-01  3.894066e-01  3.745243e-01  3.495227e-01
 1.496236e+08  4.084622e-01  4.019990e-01  3.916562e-01  3.810991e-01  3.659788e-01  3.406271e-01
 1.548817e+08  4.007429e-01  3.941742e-01  3.836559e-01  3.729436e-01  3.575917e-01  3.318999e-01
 1.603245e+08  3.931689e-01  3.864957e-01  3.758062e-01  3.649357e-01  3.493585e-01  3.233365e-01
 1.659587e+08  3.857374e-01  3.789605e-01  3.681039e-01  3.570707e-01  3.412743e-01  3.149319e-01
 1.717908e+08  3.784456e-01  3.715661e-01  3.605462e-01  3.493443e-01  3.333348e-01  3.066812e-01
 1.778279e+08  3.712910e-01  3.643096e-01  3.531302e-01  3.417619e-01  3.255416e-01  2.985828e-01
 1.840772e+08  3.642710e-01  3.571886e-01  3.458529e-01  3.343208e-01  3.178922e-01  2.906382e-01
 1.905461e+08  3.573830e-01  3.502006e-01  3.387114e-01  3.270177e-01  3.103822e-01  2.828431e-01
 1.972423e+08  3.506245e-01  3.433429e-01  3.317028e-01  3.198490e-01  3.030075e-01  2.751933e-01
 2.041738e+08  3.439931e-01  3.366131e-01  3.248240e-01  3.128106e-01  2.957692e-01  2.676869e-01
 2.113489e+08  3.374865e-01  3.300089e-01  3.180720e-01  3.058986e-01  2.886648e-01  2.603248e-01
 2.187762e+08  3.311022e-01  3.235278e-01  3.114432e-01  2.991093e-01  2.816901e-01  2.531029e-01
 2.264644e+08  3.248380e-01  3.171676e-01  3.049342e-01  2.924464e-01  2.748412e-01  2.460175e-01
 2.344229e+08  3.186915e-01  3.109260e-01  2.985411e-01  2.859074e-01  2.681187e-01  2.390665e-01
 2.426610e+08  3.126606e-01  3.048007e-01  2.922604e-01  2.794891e-01  2.615198e-01  2.322500e-01
 2.511886e+08  3.067430e-01  2.987897e-01  2.860962e-01  2.731880e-01  2.550408e-01  2.255645e-01
 2.600160e+08  3.009367e-01  2.928907e-01  2.800476e-01  2.670006e-01  2.486819e-01  2.190081e-01
 2.691535e+08  2.952396e-01  2.871017e-01  2.741122e-01  2.609234e-01  2.424403e-01  2.125802e-01
 2.786121e+08  2.896495e-01  2.814207e-01  2.682876e-01  2.549592e-01  2.363123e-01  2.062781e-01
 2.884032e+08  2.841645e-01  2.758457e-01  2.625711e-01  2.491053e-01  2.302942e-01  2.000996e-01
 2.985383e+08  2.787825e-01  2.703747e-01  2.569602e-01  2.433588e-01  2.243891e-01  1.940441e-01
 3.090295e+08  2.735016e-01  2.650060e-01  2.514523e-01  2.377163e-01  2.185954e-01  1.881088e-01
 3.198895e+08  2.683200e-01  2.597375e-01  2.460442e-01  2.321746e-01  2.129100e-01  1.822921e-01
 3.311311e+08  2.632356e-01  2.545677e-01  2.407329e-01  2.267356e-01  2.073295e-01  1.765927e-01
 3.427678e+08  2.582468e-01  2.494949e-01  2.355154e-01  2.213969e-01  2.018506e-01  1.710091e-01
 3.548134e+08  2.533516e-01  2.445174e-01  2.303944e-01  2.161554e-01  1.964752e-01  1.655400e-01
 3.672823e+08  2.485483e-01  2.396338e-01  2.253689e-01  2.110082e-01  1.912016e-01  1.601838e-01
 3.801894e+08  2.438351e-01  2.348419e-01  2.204366e-01  2.059567e-01  1.860269e-01  1.549390e-01
 3.935501e+08  2.392103e-01  2.301396e-01  2.155952e-01  2.009986e-01  1.809482e-01  1.498043e-01
 4.073803e+08  2.346723e-01  2.255249e-01  2.108420e-01  1.961309e-01  1.759667e-01  1.447782e-01
 4.216965e+08  2.302194e-01  2.209962e-01  2.061743e-01  1.913510e-01  1.710806e-01  1.398599e-01
 4.365158e+08  2.258499e-01  2.165516e-01  2.015896e-01  1.866596e-01  1.662874e-01  1.350486e-01
 4.518559e+08  2.215623e-01  2.121893e-01  1.970898e-01  1.820545e-01  1.615845e-01  1.303440e-01
 4.677351e+08  2.173550e-01  2.079074e-01  1.926737e-01  1.775330e-01  1.569723e-01  1.257456e-01
 4.841724e+08  2.132265e-01  2.037040e-01  1.883392e-01  1.730956e-01  1.524491e-01  1.212507e-01
 5.011872e+08  2.091751e-01  1.995772e-01  1.840840e-01  1.687402e-01  1.480127e-01  1.168542e-01
 5.188000e+08  2.051995e-01  1.955250e-01  1.799057e-01  1.644639e-01  1.436630e-01  1.125556e-01
 5.370318e+08  2.012981e-01  1.915452e-01  1.758019e-01  1.602643e-01  1.393985e-01  1.083551e-01
 5.559043e+08  1.974695e-01  1.876353e-01  1.717740e-01  1.561441e-01  1.352173e-01  1.042532e-01
 5.754399e+08  1.937124e-01  1.837968e-01  1.678208e-01  1.521017e-01  1.311189e-01  1.002511e-01
 5.956621e+08  1.900251e-01  1.800303e-01  1.639401e-01  1.481348e-01  1.271020e-01  9.634993e-02
 6.165950e+08  1.864065e-01  1.763346e-01  1.601297e-01  1.442411e-01  1.231660e-01  9.254604e-02
 6.382635e+08  1.828550e-01  1.727081e-01  1.563876e-01  1.404184e-01  1.193096e-01  8.883107e-02
 6.606934e+08  1.793694e-01  1.691495e-01  1.527144e-01  1.366683e-01  1.155314e-01  8.520584e-02
 6.839116e+08  1.759480e-01  1.656574e-01  1.491089e-01  1.329893e-01  1.118306e-01  8.167196e-02
 7.079458e+08  1.725895e-01  1.622303e-01  1.455690e-01  1.293793e-01  1.082061e-01  7.823166e-02
 7.328245e+08  1.692926e-01  1.588670e-01  1.420927e-01  1.258363e-01  1.046570e-01  7.488730e-02
 7.585776e+08  1.660576e-01  1.555659e-01  1.386805e-01  1.223615e-01  1.011824e-01  7.163526e-02
 7.852356e+08  1.628834e-01  1.523257e-01  1.353310e-01  1.189533e-01  9.778116e-02  6.846616e-02
 8.128305e+08  1.597687e-01  1.491448e-01  1.320425e-01  1.156100e-01  9.445261e-02  6.538232e-02
 8.413951e+08  1.567124e-01  1.460218e-01  1.288153e-01  1.123297e-01  9.119617e-02  6.238691e-02
 8.709636e+08  1.537136e-01  1.429550e-01  1.256481e-01  1.091130e-01  8.801150e-02  5.948335e-02
 9.015711e+08  1.507710e-01  1.399427e-01  1.225393e-01  1.059585e-01  8.489840e-02  5.666861e-02
 9.332543e+08  1.478836e-01  1.369854e-01  1.194871e-01  1.028646e-01  8.185663e-02  5.393339e-02
 9.660509e+08  1.450503e-01  1.340835e-01  1.164917e-01  9.983150e-02  7.888216e-02  5.128128e-02
 1.000000e+09  1.422703e-01  1.312359e-01  1.135517e-01  9.685794e-02  7.597369e-02  4.871618e-02
 1.035142e+09  1.395424e-01  1.284413e-01  1.106653e-01  9.394255e-02  7.313109e-02  4.623530e-02
 1.071519e+09  1.368656e-01  1.256987e-01  1.078308e-01  9.108522e-02  7.035457e-02  4.382946e-02
 1.109175e+09  1.342390e-01  1.230067e-01  1.050497e-01  8.828487e-02  6.764478e-02  4.150302e-02
 1.148154e+09  1.316617e-01  1.203642e-01  1.023212e-01  8.554119e-02  6.500261e-02  3.926096e-02
 1.188502e+09  1.291328e-01  1.177700e-01  9.964379e-02  8.285320e-02  6.242881e-02  3.710173e-02
 1.230269e+09  1.266512e-01  1.152227e-01  9.701592e-02  8.021992e-02  5.991669e-02  3.501735e-02
 1.273503e+09  1.242162e-01  1.127208e-01  9.443608e-02  7.764089e-02  5.746488e-02  3.301309e-02
 1.318257e+09  1.218268e-01  1.102647e-01  9.190509e-02  7.511532e-02  5.507425e-02  3.108789e-02
 1.364583e+09  1.194822e-01  1.078544e-01  8.942212e-02  7.264264e-02  5.274626e-02  2.923452e-02
 1.412538e+09  1.171815e-01  1.054890e-01  8.698578e-02  7.022220e-02  5.048279e-02  2.745890e-02
 1.462177e+09  1.149239e-01  1.031674e-01  8.459470e-02  6.785338e-02  4.828571e-02  2.576073e-02
 1.513561e+09  1.127087e-01  1.008885e-01  8.224934e-02  6.553577e-02  4.614764e-02  2.413310e-02
 1.566751e+09  1.105349e-01  9.865124e-02  7.994885e-02  6.326906e-02  4.406803e-02  2.257535e-02
 1.621810e+09  1.084018e-01  9.645443e-02  7.769207e-02  6.105309e-02  4.204895e-02  2.108111e-02
 1.678804e+09  1.063087e-01  9.429680e-02  7.547922e-02  5.888759e-02  4.009236e-02  1.965649e-02
 1.737801e+09  1.042548e-01  9.217846e-02  7.330954e-02  5.676932e-02  3.818986e-02  1.830215e-02
 1.798871e+09  1.022394e-01  9.009933e-02  7.118199e-02  5.469759e-02  3.634064e-02  1.701287e-02
 1.862087e+09  1.002617e-01  8.805841e-02  6.909550e-02  5.267213e-02  3.454710e-02  1.578940e-02
 1.927525e+09  9.832096e-02  8.605465e-02  6.705008e-02  5.069283e-02  3.281232e-02  1.462694e-02
 1.995262e+09  9.641658e-02  8.408692e-02  6.504498e-02  4.875987e-02  3.113951e-02  1.352647e-02
 2.065380e+09  9.454783e-02  8.215524e-02  6.307930e-02  4.687369e-02  2.952138e-02  1.248387e-02
 2.137962e+09  9.271404e-02  8.025941e-02  6.115285e-02  4.503494e-02  2.795851e-02  1.150052e-02
 2.213095e+09  9.091456e-02  7.839853e-02  5.926499e-02  4.324413e-02  2.645420e-02  1.057288e-02
 2.290868e+09  8.914874e-02  7.657166e-02  5.741546e-02  4.149591e-02  2.500112e-02  9.702062e-03
 2.371374e+09  8.741594e-02  7.477775e-02  5.560364e-02  3.979004e-02  2.359989e-02  8.879896e-03
 2.454709e+09  8.571554e-02  7.301671e-02  5.382889e-02  3.812713e-02  2.225385e-02  8.102630e-03
 2.540973e+09  8.404692e-02  7.128832e-02  5.209085e-02  3.650819e-02  2.095590e-02  7.371062e-03
 2.630268e+09  8.240950e-02  6.959168e-02  5.038902e-02  3.493457e-02  1.970679e-02  6.682242e-03
 2.722701e+09  8.080268e-02  6.792585e-02  4.872301e-02  3.340753e-02  1.851006e-02  6.037923e-03
 2.818383e+09  7.922588e-02  6.629070e-02  4.709237e-02  3.192104e-02  1.735917e-02  5.437186e-03
 2.917427e+09  7.767854e-02  6.468594e-02  4.549670e-02  3.047564e-02  1.625533e-02  4.887445e-03
 3.019952e+09  7.616010e-02  6.311075e-02  4.393567e-02  2.907280e-02  1.520251e-02  4.395682e-03
 3.126079e+09  7.467002e-02  6.156424e-02  4.240907e-02  2.771387e-02  1.419486e-02  3.952175e-03
 3.235937e+09  7.320777e-02  6.004622e-02  4.091679e-02  2.639201e-02  1.323348e-02  3.530813e-03
 3.349654e+09  7.177281e-02  5.855635e-02  3.945869e-02  2.510765e-02  1.231271e-02  3.134915e-03
 3.467369e+09  7.036465e-02  5.709381e-02  3.803286e-02  2.386249e-02  1.143413e-02  2.768988e-03
 3.589219e+09  6.898276e-02  5.565837e-02  3.663865e-02  2.265867e-02  1.060202e-02  2.438539e-03
 3.715352e+09  6.762667e-02  5.424969e-02  3.527589e-02  2.149840e-02  9.812024e-03  2.149030e-03
 3.845918e+09  6.629587e-02  5.286700e-02  3.394448e-02  2.037556e-02  9.066378e-03  1.894998e-03
 3.981072e+09  6.498991e-02  5.150948e-02  3.264452e-02  1.929164e-02  8.361340e-03  1.660226e-03
 4.120975e+09  6.370831e-02  5.017726e-02  3.137629e-02  1.824888e-02  7.699243e-03  1.448191e-03
 4.265795e+09  6.245062e-02  4.887033e-02  3.014025e-02  1.724114e-02  7.076389e-03  1.262261e-03
 4.415704e+09  6.121638e-02  4.758807e-02  2.893689e-02  1.626994e-02  6.487289e-03  1.098513e-03
 4.570882e+09  6.000516e-02  4.632981e-02  2.776318e-02  1.533757e-02  5.933828e-03  9.458982e-04
 4.731513e+09  5.881653e-02  4.509482e-02  2.661871e-02  1.443805e-02  5.412990e-03  8.065382e-04
 4.897788e+09  5.765007e-02  4.388311e-02  2.550398e-02  1.357297e-02  4.926842e-03  6.830668e-04
 5.069907e+09  5.650536e-02  4.269459e-02  2.441977e-02  1.274475e-02  4.472728e-03  5.781945e-04
 5.248075e+09  5.538201e-02  4.152867e-02  2.336681e-02  1.194785e-02  4.046997e-03  4.900216e-04
 5.432503e+09  5.427960e-02  4.038470e-02  2.234143e-02  1.118412e-02  3.652735e-03  4.120282e-04
 5.623413e+09  5.319777e-02  3.926264e-02  2.134320e-02  1.045633e-02  3.295070e-03  3.459562e-04
 5.821032e+09  5.213612e-02  3.816233e-02  2.037287e-02  9.759428e-03  2.978266e-03  2.905871e-04
 6.025596e+09  5.109430e-02  3.708324e-02  1.943151e-02  9.095146e-03  2.681236e-03  2.417363e-04
 6.237348e+09  5.007193e-02  3.602482e-02  1.852016e-02  8.458613e-03  2.399880e-03  2.005264e-04
 6.456542e+09  4.906867e-02  3.498694e-02  1.763505e-02  7.851861e-03  2.136616e-03  1.661862e-04
 6.683439e+09  4.808418e-02  3.396941e-02  1.677607e-02  7.277846e-03  1.894628e-03  1.360485e-04
 6.918310e+09  4.711815e-02  3.297172e-02  1.594439e-02  6.732654e-03  1.677556e-03  1.108519e-04
 7.161434e+09  4.617025e-02  3.199374e-02  1.514124e-02  6.218692e-03  1.488543e-03  9.012616e-05
 7.413102e+09  4.524002e-02  3.103523e-02  1.436277e-02  5.732536e-03  1.313828e-03  7.219254e-05
 7.673615e+09  4.432711e-02  3.009578e-02  1.360903e-02  5.276622e-03  1.151186e-03  5.756445e-05
 7.943282e+09  4.343117e-02  2.917520e-02  1.288141e-02  4.847581e-03  1.002838e-03  4.597419e-05
 8.222426e+09  4.255185e-02  2.827327e-02  1.218142e-02  4.441648e-03  8.713557e-04  3.633457e-05
 8.511380e+09  4.168880e-02  2.738962e-02  1.150560e-02  4.060851e-03  7.590579e-04  2.847345e-05
 8.810489e+09  4.084169e-02  2.652405e-02  1.085433e-02  3.702420e-03  6.571752e-04  2.175336e-05
 9.120108e+09  4.001018e-02  2.567633e-02  1.022917e-02  3.368457e-03  5.645905e-04  1.639412e-05
 9.440609e+09  3.919393e-02  2.484626e-02  9.626750e-03  3.056434e-03  4.830001e-04  1.231393e-05
 9.772372e+09  3.839260e-02  2.403360e-02  9.047551e-03  2.763824e-03  4.139426e-04  9.112132e-06
 1.011579e+10  3.760577e-02  2.323815e-02  8.493204e-03  2.493369e-03  3.517472e-04  6.731740e-06
 1.047129e+10  3.683305e-02  2.245970e-02  7.960629e-03  2.248661e-03  2.957478e-04  4.904124e-06
 1.083927e+10  3.607415e-02  2.169801e-02  7.450540e-03  2.032598e-03  2.471415e-04  3.605824e-06
 1.122018e+10  3.532949e-02  2.095290e-02  6.964852e-03  1.828132e-03  2.070602e-04  2.621756e-06
 1.161449e+10  3.459878e-02  2.022420e-02  6.500977e-03  1.634782e-03  1.720267e-04  1.853879e-06
 1.202264e+10  3.388174e-02  1.951178e-02  6.059740e-03  1.454211e-03  1.417338e-04  1.292325e-06
 1.244515e+10  3.317811e-02  1.881556e-02  5.638602e-03  1.288634e-03  1.169134e-04  8.782483e-07
 1.288250e+10  3.248762e-02  1.813550e-02  5.238268e-03  1.140596e-03  9.534713e-05  6.059852e-07
 1.333521e+10  3.180999e-02  1.747104e-02  4.856317e-03  1.012231e-03  7.685170e-05  4.187121e-07
 1.380384e+10  3.114496e-02  1.682170e-02  4.493717e-03  8.923587e-04  6.191493e-05  2.840400e-07
 1.428894e+10  3.049228e-02  1.618741e-02  4.152529e-03  7.810207e-04  4.913791e-05  1.902703e-07
 1.479108e+10  2.985169e-02  1.556814e-02  3.830803e-03  6.797586e-04  3.843809e-05  1.258061e-07
 1.531087e+10  2.922291e-02  1.496391e-02  3.525767e-03  5.903669e-04  3.017020e-05  8.206873e-08
 1.584893e+10  2.860571e-02  1.437480e-02  3.238255e-03  5.144173e-04  2.347720e-05  5.279557e-08
 1.640590e+10  2.799983e-02  1.380104e-02  2.966531e-03  4.447447e-04  1.829900e-05  3.347750e-08
 1.698244e+10  2.740494e-02  1.324174e-02  2.711505e-03  3.816295e-04  1.411961e-05  2.091361e-08
 1.757924e+10  2.682077e-02  1.269621e-02  2.471714e-03  3.262553e-04  1.090888e-05  1.286478e-08
 1.819701e+10  2.624708e-02  1.216452e-02  2.248176e-03  2.796654e-04  8.332000e-06  7.788296e-09
 1.883649e+10  2.568411e-02  1.164681e-02  2.039553e-03  2.372205e-04  6.366208e-06  4.637786e-09
 1.949845e+10  2.513164e-02  1.114332e-02  1.844039e-03  1.991441e-04  4.783924e-06  2.714939e-09
 2.018366e+10  2.458945e-02  1.065442e-02  1.662961e-03  1.662683e-04  3.566051e-06  1.561474e-09
 2.089296e+10  2.405731e-02  1.017912e-02  1.498696e-03  1.393614e-04  2.597219e-06  8.818003e-10
 2.162719e+10  2.353503e-02  9.716700e-03  1.353325e-03  1.155609e-04  1.875102e-06  4.886441e-10
 2.238721e+10  2.302237e-02  9.267380e-03  1.217058e-03  9.509582e-05  1.320327e-06  2.655330e-10
 2.317395e+10  2.251914e-02  8.831502e-03  1.088238e-03  7.846322e-05  9.304264e-07  1.414017e-10
 2.398833e+10  2.202506e-02  8.409591e-03  9.678431e-04  6.383559e-05  6.547208e-07  7.373891e-11
 2.483133e+10  2.153990e-02  8.000643e-03  8.572183e-04  5.136874e-05  4.458095e-07  3.762971e-11
 2.570396e+10  2.106347e-02  7.603970e-03  7.580385e-04  4.139366e-05  3.032204e-07  1.877722e-11
 2.660725e+10  2.059591e-02  7.219971e-03  6.718102e-04  3.275370e-05  2.059267e-07  9.155063e-12
 2.754229e+10  2.013704e-02  6.849241e-03  5.921101e-04  2.557283e-05  1.382931e-07  4.357847e-12
 2.851018e+10  1.968665e-02  6.490787e-03  5.180362e-04  2.009283e-05  9.167860e-08  2.023495e-12
 2.951209e+10  1.924457e-02  6.143950e-03  4.505231e-04  1.560110e-05  5.996836e-08  9.157516e-13
 3.054921e+10  1.881058e-02  5.809218e-03  3.907416e-04  1.216888e-05  3.868687e-08  4.035633e-13
 3.162278e+10  1.838445e-02  5.487293e-03  3.397773e-04  9.366161e-06  2.460287e-08  1.730227e-13
 3.273407e+10  1.796603e-02  5.177291e-03  2.935146e-04  7.240909e-06  1.541612e-08  7.210027e-14
 3.388442e+10  1.755540e-02  4.878715e-03  2.515246e-04  5.514452e-06  9.512851e-09  2.917314e-14
 3.507519e+10  1.715239e-02  4.592294e-03  2.145796e-04  4.215389e-06  5.777818e-09  1.144977e-14
 3.630781e+10  1.675683e-02  4.317209e-03  1.833998e-04  3.155093e-06  3.452217e-09  4.354281e-15
 3.758374e+10  1.636853e-02  4.053024e-03  1.553218e-04  2.349764e-06  2.028003e-09  1.602747e-15
 3.890451e+10  1.598730e-02  3.800524e-03  1.300901e-04  1.702665e-06  1.170638e-09  5.703583e-16
 4.027170e+10  1.561298e-02  3.559018e-03  1.082428e-04  1.228039e-06  6.635864e-10  1.959984e-16
 4.168694e+10  1.524562e-02  3.328253e-03  9.030106e-05  8.593939e-07  3.691669e-10  6.496044e-17
 4.315191e+10  1.488506e-02  3.107504e-03  7.463299e-05  6.059869e-07  2.014271e-10  2.073897e-17
 4.466836e+10  1.453111e-02  2.896414e-03  6.115259e-05  4.253490e-07  1.077191e-10  6.369396e-18
 4.623810e+10  1.418364e-02  2.695775e-03  5.020324e-05  2.871872e-07  5.642180e-11  1.879283e-18
 4.786301e+10  1.384268e-02  2.505039e-03  4.075278e-05  1.954329e-07  2.892479e-11  5.319344e-19
 4.954502e+10  1.350808e-02  2.324078e-03  3.276501e-05  1.324989e-07  1.450244e-11  1.442325e-19
 5.128614e+10  1.317968e-02  2.152385e-03  2.648433e-05  8.876982e-08  7.106034e-12  3.740687e-20
 5.308844e+10  1.285733e-02  1.989851e-03  2.126823e-05  5.870289e-08  3.400045e-12  9.264960e-21
 5.495409e+10  1.254089e-02  1.836025e-03  1.707647e-05  3.830010e-08  1.587294e-12  2.187942e-21
 5.688529e+10  1.223035e-02  1.690839e-03  1.348591e-05  2.464251e-08  7.223992e-13  4.918112e-22
 5.888437e+10  1.192558e-02  1.553906e-03  1.048074e-05  1.562809e-08  3.202310e-13  1.050451e-22
 6.095369e+10  1.162645e-02  1.425222e-03  8.161478e-06  9.764439e-09  1.381407e-13  2.128066e-23
 6.309573e+10  1.133295e-02  1.304526e-03  6.286212e-06  6.007385e-09  5.793541e-14  4.081447e-24
 6.531306e+10  1.104494e-02  1.190738e-03  4.849454e-06  3.637385e-09  2.359984e-14  7.396434e-25
 6.760830e+10  1.076231e-02  1.083793e-03  3.694501e-06  2.166305e-09  9.327819e-15  1.263974e-25
 6.998420e+10  1.048504e-02  9.833730e-04  2.816516e-06  1.268320e-09  3.573597e-15  2.032632e-26
 7.244360e+10  1.021303e-02  8.894674e-04  2.108955e-06  7.295600e-10  1.325618e-15  3.069360e-27
 7.498942e+10  9.946117e-03  8.018412e-04  1.566479e-06  4.120508e-10  4.755929e-16  4.342461e-28
 7.762471e+10  9.684182e-03  7.205171e-04  1.134793e-06  2.283621e-10  1.648376e-16  5.742721e-29
 8.035261e+10  9.427114e-03  6.462827e-04  8.145846e-07  1.241071e-10  5.512698e-17  7.081935e-30
 8.317638e+10  9.174990e-03  5.802569e-04  5.685999e-07  6.609592e-11  1.776740e-17  8.123801e-31
 8.609938e+10  8.927684e-03  5.198081e-04  3.972936e-07  3.447104e-11  5.511648e-18  8.646120e-32
 8.912509e+10  8.685082e-03  4.629158e-04  2.771124e-07  1.759223e-11  1.643481e-18  8.514892e-33
 9.225714e+10  8.447084e-03  4.099281e-04  1.869737e-07  8.779075e-12  4.704147e-19  7.738060e-34
 9.549926e+10  8.213736e-03  3.612822e-04  1.272364e-07  4.280562e-12  1.290675e-19  6.470470e-35
 9.885531e+10  7.984942e-03  3.175559e-04  8.632219e-08  2.037644e-12  3.389526e-20  4.963653e-36
 1.023293e+11  7.760591e-03  2.795672e-04  5.783292e-08  9.461725e-13  8.507278e-21  3.482516e-37
 1.059254e+11  7.540582e-03  2.456347e-04  3.824564e-08  4.282066e-13  2.037479e-21  2.227550e-38
 1.096478e+11  7.324825e-03  2.145016e-04  2.495449e-08  1.887083e-13  4.648833e-22  1.294706e-39
 1.135011e+11  7.113332e-03  1.865388e-04  1.605738e-08  8.090648e-14  1.008826e-22  6.814583e-41
 1.174898e+11  6.906010e-03  1.622703e-04  1.018479e-08  3.371448e-14  2.078538e-23  3.236615e-42
 1.216186e+11  6.702780e-03  1.405662e-04  6.364525e-09  1.364150e-14  4.058730e-24  1.381876e-43
 1.258925e+11  6.503635e-03  1.205756e-04  3.916462e-09  5.353985e-15  7.497342e-25  5.267123e-45
 1.303167e+11  6.308494e-03  1.025056e-04  2.371951e-09  2.036120e-15  1.307601e-25  1.675754e-46
 1.348963e+11  6.117283e-03  8.663049e-05  1.413068e-09  7.494908e-16  2.148968e-26  0.000000e+00
 1.396368e+11  5.929986e-03  7.333348e-05  8.275989e-10  2.667321e-16  3.321064e-27  0.000000e+00
 1.445440e+11  5.746530e-03  6.192820e-05  4.762348e-10  9.166904e-17  4.816047e-28  0.000000e+00
 1.496236e+11  5.566849e-03  5.192935e-05  2.690933e-10  3.038669e-17  6.538996e-29  0.000000e+00
 1.548817e+11  5.390918e-03  4.358328e-05  1.492080e-10  9.703181e-18  8.293617e-30  0.000000e+00
 1.603245e+11  5.218673e-03  3.644958e-05  8.113472e-11  2.980940e-18  9.803005e-31  0.000000e+00
 1.659587e+11  5.050051e-03  3.021701e-05  4.323687e-11  8.798722e-19  1.077182e-31  0.000000e+00
 1.717908e+11  4.885024e-03  2.504420e-05  2.256485e-11  2.491795e-19  1.097555e-32  0.000000e+00
 1.778279e+11  4.723538e-03  2.065006e-05  1.152466e-11  6.760985e-20  1.034245e-33  0.000000e+00
 1.840772e+11  4.565558e-03  1.683644e-05  5.755966e-12  1.754972e-20  8.988546e-35  0.000000e+00
 1.905461e+11  4.411033e-03  1.370667e-05  2.809101e-12  4.351399e-21  7.184385e-36  0.000000e+00
 1.972423e+11  4.259917e-03  1.108224e-05  1.338533e-12  1.028962e-21  5.265537e-37  0.000000e+00
 2.041738e+11  4.112174e-03  8.838351e-06  6.222214e-13  2.316709e-22  3.527924e-38  0.000000e+00
 2.113489e+11  3.967760e-03  7.043957e-06  2.819318e-13  4.958063e-23  2.153970e-39  0.000000e+00
 2.187762e+11  3.826637e-03  5.590619e-06  1.244064e-13  1.006845e-23  1.194460e-40  0.000000e+00
 2.264644e+11  3.688770e-03  4.408035e-06  5.341258e-14  1.936601e-24  5.995394e-42  0.000000e+00
 2.344229e+11  3.554140e-03  3.427917e-06  2.229134e-14  3.521555e-25  2.712854e-43  0.000000e+00
 2.426610e+11  3.422726e-03  2.603157e-06  9.034320e-15  6.042401e-26  1.092738e-44  0.000000e+00
 2.511886e+11  3.294497e-03  1.962404e-06  3.552073e-15  9.763394e-27  3.342521e-46  0.000000e+00
 2.600160e+11  3.169318e-03  1.464927e-06  1.353445e-15  1.482571e-27  0.000000e+00  0.000000e+00
 2.691535e+11  3.047162e-03  1.085566e-06  4.992305e-16  2.111207e-28  0.000000e+00  0.000000e+00
 2.786121e+11  2.928009e-03  7.968727e-07  1.780643e-16  2.813156e-29  0.000000e+00  0.000000e+00
 2.884032e+11  2.811842e-03  5.815741e-07  6.134289e-17  3.499607e-30  0.000000e+00  0.000000e+00
 2.985383e+11  2.698678e-03  4.272685e-07  2.038649e-17  4.054986e-31  0.000000e+00  0.000000e+00
 3.090295e+11  2.588523e-03  3.082038e-07  6.527892e-18  4.365682e-32  0.000000e+00  0.000000e+00
 3.198895e+11  2.481363e-03  2.181578e-07  2.011400e-18  4.356317e-33  0.000000e+00  0.000000e+00
 3.311311e+11  2.376973e-03  1.510426e-07  5.955831e-19  4.018526e-34  0.000000e+00  0.000000e+00
 3.427678e+11  2.275347e-03  1.032492e-07  1.692422e-19  3.417671e-35  0.000000e+00  0.000000e+00
 3.548134e+11  2.176483e-03  7.151391e-08  4.608722e-20  2.672423e-36  0.000000e+00  0.000000e+00
 3.672823e+11  2.080420e-03  4.921216e-08  1.200936e-20  1.915775e-37  0.000000e+00  0.000000e+00
 3.801894e+11  1.987185e-03  3.327759e-08  2.989972e-21  1.255324e-38  0.000000e+00  0.000000e+00
 3.935501e+11  1.896779e-03  2.222048e-08  7.101322e-22  7.495478e-40  0.000000e+00  0.000000e+00
 4.073803e+11  1.808937e-03  1.464498e-08  1.606313e-22  4.065224e-41  0.000000e+00  0.000000e+00
 4.216965e+11  1.723669e-03  9.522773e-09  3.454692e-23  1.995942e-42  0.000000e+00  0.000000e+00
 4.365158e+11  1.641031e-03  6.106265e-09  7.052136e-24  8.832824e-44  0.000000e+00  0.000000e+00
 4.518559e+11  1.561063e-03  3.859374e-09  1.363899e-24  3.452003e-45  0.000000e+00  0.000000e+00
 4.677351e+11  1.483781e-03  2.403098e-09  2.494505e-25  8.687032e-47  0.000000e+00  0.000000e+00
 4.841724e+11  1.408902e-03  1.473383e-09  4.306156e-26  0.000000e+00  0.000000e+00  0.000000e+00
 5.011872e+11  1.336491e-03  8.890349e-10  7.002144e-27  0.000000e+00  0.000000e+00  0.000000e+00
 5.188000e+11  1.266600e-03  5.276444e-10  1.070313e-27  0.000000e+00  0.000000e+00  0.000000e+00
 5.370318e+11  1.199248e-03  3.078475e-10  1.534615e-28  0.000000e+00  0.000000e+00  0.000000e+00
 5.559043e+11  1.134152e-03  1.764598e-10  2.059372e-29  0.000000e+00  0.000000e+00  0.000000e+00
 5.754399e+11  1.071383e-03  9.931303e-11  2.580592e-30  0.000000e+00  0.000000e+00  0.000000e+00
 5.956621e+11  1.011003e-03  5.484572e-11  3.012454e-31  0.000000e+00  0.000000e+00  0.000000e+00
 6.165950e+11  9.530430e-04  2.970101e-11  3.267890e-32  0.000000e+00  0.000000e+00  0.000000e+00
 6.382635e+11  8.972661e-04  1.576151e-11  3.285872e-33  0.000000e+00  0.000000e+00  0.000000e+00
 6.606934e+11  8.437360e-04  8.190644e-12  3.054356e-34  0.000000e+00  0.000000e+00  0.000000e+00
 6.839116e+11  7.924876e-04  4.165021e-12  2.617466e-35  0.000000e+00  0.000000e+00  0.000000e+00
 7.079458e+11  7.432914e-04  2.070949e-12  2.062041e-36  0.000000e+00  0.000000e+00  0.000000e+00
 7.328245e+11  6.962145e-04  1.006091e-12  1.488964e-37  0.000000e+00  0.000000e+00  0.000000e+00
 7.585776e+11  6.512965e-04  4.771681e-13  9.824473e-39  0.000000e+00  0.000000e+00  0.000000e+00
 7.852356e+11  6.083207e-04  2.207551e-13  5.904587e-40  0.000000e+00  0.000000e+00  0.000000e+00
 8.128305e+11  5.673591e-04  9.953629e-14  3.221728e-41  0.000000e+00  0.000000e+00  0.000000e+00
 8.413951e+11  5.284945e-04  4.370147e-14  1.590398e-42  0.000000e+00  0.000000e+00  0.000000e+00
 8.709636e+11  4.915083e-04  1.866612e-14  7.074222e-44  0.000000e+00  0.000000e+00  0.000000e+00
 9.015711e+11  4.564802e-04  7.748908e-15  2.798616e-45  0.000000e+00  0.000000e+00  0.000000e+00
 9.332543e+11  4.232025e-04  3.123390e-15  8.308919e-47  0.000000e+00  0.000000e+00  0.000000e+00
 9.660509e+11  3.917518e-04  1.221144e-15  0.000000e+00  0.000000e+00  0.000000e+00  0.000000e+00
 1.000000e+12  3.619319e-04  4.625961e-16  0.000000e+00  0.000000e+00  0.000000e+00  0.000000e+00
